0.848996765479 0.043730155204 0.0582502762669 0.00247568345944 0.0955612649461 0.0747570717072 -0.168546387806 -0.210804492054 0.367069022562 0.144540291423 -0.0781392729315 -0.00860127993268 0.0641729850737 -0.0604266126592 -0.105504966206 -0.0210174429677 0.0712421909755 -0.00967761073639 0.000171290270538 0.000284402228899 -0.000128486603773 0.000359030346189 0.00161802706786 -0.000311655616295 2.39323090425e-05 -3.02060996104e-05 5.16000922194e-06 1.1109391364e-06 -2.6038084353e-06 -2.15424812439e-05 4.0205869611e-06 4.8317777541e-07 -2.83111983976e-07 1.03561721011e-06 3.33490507805e-08 4.39338233677e-07 
-0.308507957239 -0.0479689119185 -0.0333386899673 0.089151210406 -0.0164966315656 0.0242618554254 0.192853826161 0.213325672209 0.83273009667 0.28932033902 0.0709439870246 -0.0301501506775 -0.0770277397413 -0.0246788618958 0.0497371859462 0.00494891655679 0.132270314582 -0.0148075658057 -0.000199254387121 -0.000189806839333 0.00191157501022 0.000380490073405 0.00732547133195 -0.000764525095057 4.06214635346e-05 -0.000145491703128 2.26000918971e-05 -9.86356429863e-06 -5.22165841532e-06 -5.47754849119e-05 1.16855861299e-05 -6.70204728663e-07 -1.42497683628e-06 -7.83282498643e-07 4.06073950988e-08 2.60739398596e-07 
0.0645622243352 -0.143089824824 0.202984869717 -0.111492225682 -0.673052233968 0.104162351942 -0.0603024400447 0.0749793551329 0.0355842774885 -0.0871599665308 -0.0867396201254 -0.361786201609 0.385759594109 -0.00478845551847 0.369321995916 0.0754287844795 0.10180858778 0.00393882734091 -0.0017490419308 -0.00138764135018 0.00174056309883 -0.00148386184919 0.00526739461566 0.000174930437088 -1.76304717424e-05 -9.28816375941e-05 -3.22221188458e-06 -9.74098481837e-06 8.17070788494e-08 1.76528772269e-05 -3.49436722982e-06 4.01539749253e-08 2.95361095533e-07 5.6825463392e-07 -9.62546196755e-09 -6.18740714507e-08 
-0.076657510588 -0.0112275770473 0.143113078511 0.000589591007806 -0.337733315896 -0.286644191502 0.231126579407 -0.177893761221 -0.00988600525009 0.0321207083049 -0.179209329146 0.481870502909 0.279798315398 -0.203065611776 -0.441401474112 -0.128376060963 0.297547585777 -0.0855857665636 0.00378726120108 0.00442224798741 -0.00163523716272 0.00549830698642 -0.00297267710527 -0.00181016886495 0.000103458689405 3.41519307647e-05 4.67764843917e-05 1.49893744367e-05 -9.6536229676e-06 -0.000141317807685 2.88495371267e-05 -5.40696633001e-07 -3.00141464628e-06 -1.4318506067e-06 1.13480333363e-07 9.61380087814e-07 
-0.0142440781461 -0.0141045290436 0.0991020389607 -0.0940081990195 -0.180568043076 0.359424918809 -0.351097343088 0.0633046091451 -0.00447937010014 0.149448979541 0.502903089672 0.610195818582 0.0430614121148 0.114668609254 0.146280182208 -0.0223387078632 -0.0700998096593 -0.0468918220732 0.00334920127745 0.00404172066799 -0.00494464535073 0.00401283126026 -0.0135913385697 -0.00042406107729 4.2379411652e-05 0.000251179692205 2.38744859443e-06 3.03391590234e-05 -1.26681215016e-06 -3.91762380756e-05 6.70522554252e-06 1.24731252961e-06 -1.79292772425e-07 1.24844518336e-06 5.34805410679e-08 7.59712703371e-07 
-0.161297454925 -0.113626304407 -0.0468000386654 0.0556811204857 0.0932219587948 0.555278082905 -0.401548358814 0.290531642768 -0.028283264464 -0.0355675870782 -0.402260645512 -0.0728076133649 0.0852427908401 -0.190742692015 -0.381863043945 -0.0651394624832 0.172493228929 -0.0145619697362 4.20376494824e-05 -0.000450347815054 0.0021642112767 0.000361735497731 0.015576013107 -0.00168206751885 0.000123385187131 -0.000299929269643 3.68088825673e-05 -1.288119424e-05 -1.37049593966e-05 -0.000116056001414 2.30255471797e-05 7.82448387151e-07 -2.21080352436e-06 2.42072637092e-06 1.3852434298e-07 1.57477534725e-06 
0.0791641060517 -0.0865114573629 0.160648428479 0.0833921547327 -0.497055215759 0.0278520786148 -0.0093627282249 0.0216024745004 0.0148533585962 0.0399162048627 -0.201449252735 0.0237897958903 -0.705620113106 0.0946005797083 -0.21840192057 -0.00671973075172 -0.321927808259 0.0623418914702 -0.00105033430461 -0.00196994910368 5.05967729612e-05 -0.00247672507666 -0.00118195422623 0.000942942658249 -4.57659445049e-05 2.91628806907e-05 -2.40366767777e-05 -4.81480540676e-06 5.62810518029e-06 7.0830012439e-05 -1.44442610225e-05 -6.79457309427e-09 1.47768949415e-06 -2.28849839355e-07 -6.91405054159e-08 -6.656024765e-07 
-0.0244337849832 -0.144619531495 -0.238846788192 -0.754993318481 -0.0583726647626 0.0849240180018 0.109860198869 -0.0991895604567 0.076142120769 -0.0198989253326 0.24339263929 -0.17264100071 -0.0032732458601 -0.282059292753 -0.294696741878 -0.0350819867591 -0.22896559658 0.0226800680888 -0.00390720247301 0.00556621923419 -0.0541962702069 -0.00697089622497 0.00576797759222 -0.00287588833108 0.00105492043522 0.000279482241065 -0.000322523793442 0.000241373158501 -9.59888175897e-05 -3.1849184925e-05 -5.77217285439e-05 7.00456150666e-05 2.62365140483e-05 0.000123490914014 1.55391019807e-06 3.25771367139e-05 
0.0556628781349 -0.0719910765869 -0.164700215082 -0.378486301723 -0.0300316286362 -0.256051034041 -0.229578706474 0.167518520892 -0.0728027955452 0.0489358978833 -0.0171951548731 -0.0183468386739 -0.305253728187 0.359473956548 0.0264711334923 -0.0104576575131 0.654905219303 -0.0471175791421 0.00658185732935 -0.0110223347267 0.104815457002 0.0130063760168 -0.0095709141925 0.00559711751614 -0.0020425154081 -0.000564129244355 0.000619223727403 -0.00046556403933 0.000184897325316 6.74791119802e-05 0.000110019053786 -0.000134532271975 -5.03700805266e-05 -0.000236595415878 -2.98133452088e-06 -6.25676049267e-05 
-0.00161305322411 -0.00106268471779 -0.0570764128565 -0.216033015771 0.052914938064 0.265045085341 0.319266495645 -0.0614009621237 0.00639145118863 0.181709552181 -0.33603670673 0.10896498445 0.252567206251 0.697088210009 -0.0774324738039 -0.00062089407893 -0.200656731493 0.0565708068445 0.00821922878798 -0.0129046681113 0.109710445764 0.0114868071405 -0.042111438209 0.0100228317597 -0.00248069819912 -7.48488396323e-06 0.000587228946269 -0.00048732630928 0.00023245117178 0.000345562514809 6.59512401323e-05 -0.000148661153047 -4.97526171467e-05 -0.000264010208568 -3.58006060593e-06 -7.1969582367e-05 
-0.0444786214426 0.00885282779938 0.000725546835474 -0.085291646958 0.0188519577589 -0.558808174074 -0.493726147153 0.320291269392 0.127293401919 0.0937396245226 -0.140944671172 0.0393715465729 0.265356554722 0.101681640756 -0.108748195291 -0.00356926975804 -0.43576561766 0.052327562383 0.000161210146674 -0.000500409127945 -0.00474607426647 -0.00179823013566 -0.0062532490096 0.000826437807853 1.66460006622e-05 0.000144963301208 -4.57313421204e-05 1.93603230423e-05 1.25953324905e-06 6.8942661829e-05 -1.78597998602e-05 4.31122138021e-06 3.12014522695e-06 7.17456051012e-06 2.57661935606e-08 1.28570715904e-06 
0.00899838899207 0.104548756015 0.116876732415 0.266795590384 -0.103677714541 0.00431800163366 -0.0137111637499 0.051584075342 -0.0112021590528 -0.0830484170672 0.534005729133 -0.37330922037 0.139480447938 0.338064511032 -0.553891456262 -0.0689384778864 0.0715768244173 0.0379644096865 0.00475720525382 -0.0103030097393 0.0809081501654 0.00754014245481 -0.0188694164071 0.00640223894324 -0.00172537512543 -0.000218154355503 0.00043903933428 -0.000362183290815 0.000159484003061 0.000197192026403 5.72990041197e-05 -0.000106189060849 -3.66666067584e-05 -0.000187782101475 -2.5011602673e-06 -5.08265431899e-05 
0.185320894442 -0.658054642602 0.386375518054 -0.0333207699119 0.243740298168 -0.0468550933533 0.245088941106 0.382759390657 0.00363927691108 -0.287800682081 0.080972374586 0.118835094414 0.000204678414018 0.0283586798528 -0.0148470692159 -0.00858573241242 -0.0166134204883 -0.0124804162281 0.00102782627059 0.006254104327 -0.0161987411015 0.0010303527421 -0.0927926620332 0.00875700988797 -0.000647069257027 0.00180385039426 -0.000209127086443 0.000102842951824 7.00587062065e-05 0.000607194323209 -0.000123451964222 -1.15506214149e-07 1.30101720901e-05 -5.42608605214e-06 -6.31440478102e-07 -6.4485345898e-06 
0.1823299636 -0.336481276505 -0.426148734189 0.240066872862 -0.117591760035 -0.035581816952 0.167031298917 0.244024021308 -0.305382790315 0.588092590285 0.0964723975548 -0.044511840767 0.07536689752 -0.1155789232 -0.0109075905976 -0.00710981007859 -0.0209093788544 0.00750458034265 -0.00193522684604 -0.0101683468474 0.0167730969554 -0.00249429583162 0.202037188883 -0.0206189971195 0.00179192986518 -0.00380841909913 0.000365781668878 -0.000139848132581 -0.000187123654726 -0.00138078872422 0.00025958860708 2.27870466384e-05 -2.07681776673e-05 5.09644082624e-05 1.91058713855e-06 2.49005600235e-05 
0.218351639089 0.215700265581 -0.569648339245 0.111812977644 -0.204378131495 0.0350858105766 0.16939505739 0.377649003093 0.109965126735 -0.500348890075 0.00469284788812 0.196258999237 0.0341841555685 0.0190210353169 0.0077327218811 -0.00960191605874 -0.0438547500995 -0.0219709993949 0.00186736304821 0.0146781069487 -0.0434617616859 0.00103543816069 -0.216472698749 0.0204565472905 -0.00142715724609 0.00424645182493 -0.000529492514292 0.000266709144652 0.000156268826428 0.00143505009279 -0.000297421616165 7.13981627163e-06 3.33773623581e-05 1.41775989859e-06 -1.31120624487e-06 -1.17341343732e-05 
0.142719457904 0.569018203947 0.368510961856 -0.226014244676 0.0436028765102 0.0500529635409 0.255733749341 0.536652403956 -0.154581679299 0.198395030173 7.44699955752e-05 -0.0155979948538 -0.034570075644 -0.151123274568 -0.00399663646237 -0.0044116536986 0.0225421508057 -0.00242955764335 -0.00227622832947 -0.00617559843106 0.00314972167013 -0.00260228170891 0.150855535948 -0.0159310318453 0.00151770992908 -0.00277493084565 0.00021950414583 -6.19110997457e-05 -0.000156480842581 -0.00103901450079 0.000184079470363 2.89842613245e-05 -1.10045106145e-05 5.87619429166e-05 1.68775821959e-06 2.41544678505e-05 
0.00478144192472 -0.0150141432532 -0.0286977278281 0.00100471592289 -0.00221020014397 0.00130053966543 -0.00185691823441 -0.0091033351118 0.057412287086 -0.152889519671 -0.00166267860257 0.0130046846976 -0.008565375749 -0.0283832714102 0.137718177702 -0.730283429085 -0.0433383186576 0.238146826612 0.173543035453 -0.104962923227 0.423581784618 0.0310588812074 0.371192082585 -0.0186570995236 -0.00872296304352 0.011362317712 0.0080353106421 0.0138680625993 0.00267226897181 -0.00642413117153 0.00545146146466 0.00115437309676 -0.000512416596831 0.00669375224857 0.000123443885269 0.000920442168266 
0.00519160012859 -0.014526818146 -0.0306790552083 0.00164130639428 -0.00191023110111 0.00125757812041 -0.00221985066443 -0.00832271618301 0.0539416485984 -0.145308064794 -0.00795025216838 -0.000471526330989 -0.0110491733341 0.0277891454632 -0.037209050836 0.233735308996 -0.113347688694 -0.751330624957 0.0317497475902 0.0100807016666 0.362282666181 0.126061652256 0.43136467092 -0.0713731890485 -0.00272990066401 0.018656670341 0.00983845345023 0.017562295586 0.00240389964883 -0.00960804292496 0.00642533511536 0.00169790256197 -0.000492728579495 0.00838381045203 0.000153818156653 0.00125599471321 
-0.00535293975038 0.0161155260164 0.0321450295753 0.000730871123503 0.0056395236393 -0.00116500492653 0.00111658815372 0.00930492026766 -0.0588427697057 0.15741957494 -0.0170408184887 -0.138015702464 -0.0260922166938 0.0412387714024 0.0788801338934 -0.572311833387 -0.0634588696134 -0.573917548147 0.122974415008 0.0873212838266 -0.2861970164 0.0372921995476 -0.416994854203 0.0149751536771 -0.00566638568304 -0.0339291300525 -0.0042835369299 -0.00674096433846 2.68373861835e-05 -0.00202687718591 -0.000374456020114 -0.00112766224174 -0.000241564005164 -0.00357310738163 -5.52637827839e-05 -0.000641176662736 
-0.00502483146719 0.0147923242355 0.0298483760501 8.1388102206e-05 0.00324757436178 -0.00122865242189 0.00361597902925 0.00875178498941 -0.0542688212539 0.147916320419 0.0136113368913 -0.0226131573029 -0.00678089344792 -0.189627816432 0.0112730649379 0.122515719499 -0.0352837158761 0.0161772882461 0.071146341728 -0.0631896432394 0.725695073939 0.107771765587 -0.601078889162 0.0981102029638 -0.0266546432974 -0.0377498612382 0.000483963479096 -0.0131885763183 0.00171350223167 0.00129352262766 -0.000305585785019 -0.00262950270756 -0.000649949126983 -0.00676940061446 -0.000102717568869 -0.00139900849404 
-2.43220437094e-05 7.32410055356e-05 0.000145669973797 8.92750155598e-06 3.22161936094e-05 -5.38296429722e-06 8.81647048879e-06 4.2186425505e-05 -0.000269808924599 0.000726365281008 -8.36083879294e-05 -0.000889613198022 -0.000279699571406 -0.000412388131899 -0.000484376448425 0.0028178587735 -0.00176994187171 -0.0174416114614 0.0329443805357 -0.145614828664 -0.0130155646863 -0.00828879306302 -0.0058825374804 -0.0305891841741 -0.0267837087179 0.343163010533 -0.00347897295651 -0.481995457259 -0.425994889028 -0.166103483171 -0.0841457623604 -0.275583588075 -0.0146271160927 -0.556480742501 -0.0081239666832 -0.152760715778 
-0.000583374329879 0.00172843764322 0.00347850436845 -4.33705611489e-05 0.000383846127 -0.000140768230728 0.000257036908092 0.00101310683979 -0.00640030176735 0.0172264813958 0.000225485063837 -0.00502940802671 -0.00039813033712 -0.00515896534694 0.00113542816907 -0.00500110174 0.00255347930503 0.0145085364507 0.000394669102442 0.0235691433579 -0.00037147752973 0.0690092136152 -0.0557250315024 -0.126306312753 -0.016057538494 0.613149399422 0.118401837356 0.232598054397 -0.472361220887 -0.180115903756 0.0501042232233 0.229178723918 0.02801603274 0.412125391008 -0.0583880216449 0.214478586666 
-0.000531216769588 0.00157229139344 0.00316578087927 -4.88129114669e-05 0.000339678552272 -0.000129304826275 0.000234428825281 0.000921528291166 -0.00584139338866 0.0157134469841 0.000208585986428 -0.00448582989413 -0.00040484925195 -0.00453125575974 -0.00097964094339 0.00657581594101 0.00109719380373 -0.00587141745863 0.062936774319 -0.0807661633949 -0.00728292910634 -0.0130903584138 -0.0475259631386 -0.0839071545233 0.11724705746 0.637371081715 0.0348861536713 0.280036352955 0.578374298658 0.185355580648 0.041690442136 -0.177379614657 -0.0280101781746 -0.189048939425 0.0687042505343 -0.191392306296 
2.6572716524e-06 -1.10282913941e-05 -1.84972544411e-05 -2.32953429002e-05 -3.21228538777e-05 -1.20212920482e-06 1.14650885344e-07 -5.73506955845e-06 1.60768370174e-05 -5.57820325871e-05 9.69694695342e-05 0.000903014299849 0.000261665706865 0.000613986847158 -0.00175008041443 0.00925987645421 0.000710527531547 -0.00222257695403 0.0257978404441 0.0250863373395 -0.00171312608142 -0.0610635448729 0.0104826221312 0.134461161089 0.016772973147 -0.205293382491 0.120613585582 0.745625777161 -0.342590744424 -0.151651295035 0.0983858612714 -0.27481313044 -0.0528009039052 -0.295916713352 0.0220284520639 -0.217595125718 
1.28660100224e-05 -3.31501766126e-05 -7.2152237445e-05 4.06574510279e-05 3.90709795662e-05 6.49736569547e-06 3.60288888264e-06 -1.96159942888e-05 0.000183776021701 -0.000450164408078 -5.02781852046e-06 -0.000862113937223 -0.000258164241335 -0.0021697115535 0.00502370798171 -0.0248964858698 0.00102452351125 0.0359578568018 -0.0406400477325 0.438738462471 0.100932840755 -0.084627960724 -0.0291394219379 -0.314931181315 0.798634943241 -0.0549000040957 0.0714456609069 -0.0564540219122 -0.120058950411 0.126307850972 -0.0380770725094 0.00861449329503 0.0283096014599 -0.0676162291471 -0.0030459992686 -0.011581164921 
-5.32867840566e-06 -8.34449514125e-07 1.66480025e-05 -0.000102287083686 -0.000124284052498 -1.10845089158e-05 2.68541752256e-05 3.92330463606e-06 -0.000124818121846 0.000303608349851 0.000766246439756 0.00483478523183 0.00139202510944 -0.00017198209802 -0.0108008534473 0.0682145835314 0.00715804207949 0.0335955824614 0.396643284901 0.305780159935 0.00113605196063 -0.104818704266 0.0276120055772 0.0658856898447 -0.180711837364 0.0393850901444 0.0498448400068 0.0904731144862 0.0570117637681 -0.000985894097792 -0.198180336067 0.418089269294 0.530467732643 -0.354524865364 -0.23113729666 0.066283931924 
-1.90176572683e-06 4.06825041213e-06 9.44140725329e-06 -1.58849011288e-05 -1.39872218463e-05 -2.08021195476e-06 -1.44459962668e-05 1.37154781915e-06 -5.87604513819e-05 0.000116473673376 -0.000178565504664 -0.000207227008845 -9.9103277319e-05 0.00222075795785 -0.00415864478276 0.0193105460063 -0.00303725321586 -0.0536780438514 0.0112977023222 -0.737872829994 -0.0847357712598 0.0375265073456 -0.043301039816 -0.11825152994 0.332497371977 -0.116444473879 0.00462354831967 0.0585818890908 -0.0682096382317 0.0969740181816 0.248799227276 0.327653691515 0.320665642919 -0.117865207981 0.00585608511499 -0.00699794645737 
1.20982523982e-05 -2.309610724e-06 -4.12451120458e-05 0.000212001297018 0.00025315723013 2.32952041351e-05 -3.89621182489e-05 -9.12996439894e-06 0.000294413992456 -0.000692922351631 -0.00134641672728 -0.00932791064766 -0.0026858296951 -0.00166550628318 0.0244654468046 -0.148865610721 -0.012016268477 -0.0259973106525 -0.770686000501 0.0749599791477 0.0829380699536 0.0986542183179 -0.0102549589162 0.0311584012409 0.00250787021461 0.0531534951465 -0.170318409032 0.0853371096451 0.145153412783 -0.385946136836 -0.157439179929 0.192675508237 0.237424637625 -0.170670875258 0.00774963279066 -0.0494077191133 
-5.90876962392e-06 2.16770400753e-06 2.10648590647e-05 -9.93984961318e-05 -0.000117880442805 -1.09063655062e-05 1.27955192406e-05 4.59820191863e-06 -0.000146467958821 0.00033802485464 0.00056937483585 0.00426275842094 0.00125567274086 0.00145386623151 -0.0118029848472 0.0704807712698 0.00538461353787 0.00497795064951 0.332098420228 -0.239856455668 -0.0557533132006 -0.0155369903306 -0.0223316120633 -0.134218987272 0.2220442212 -0.0765536204819 -0.12157051855 0.0735064930168 0.175101440498 -0.58629558634 -0.561496760422 -0.0823046904553 -0.119095696578 0.12922719392 -0.0242473647563 0.0431219671163 
-1.77676641404e-06 -5.25877030512e-07 5.31952761519e-06 -3.43008724738e-05 -4.20391873056e-05 -3.82634192637e-06 1.01786847333e-05 1.51951785191e-06 -4.19699570406e-05 0.000103991137859 0.000323768540129 0.00198720725015 0.000629989638486 -0.000225017945362 -0.00367561580607 0.0247390102103 0.00422616140724 0.0298590662579 0.144059656525 0.0919576391451 -0.00864052411942 0.112179346897 0.000816707166628 -0.0955879182821 0.00254752285681 0.0484286276242 -0.939056470557 0.102807868338 -0.117298591394 0.0780630033667 0.160044641512 -0.00259310392495 -0.00241470619705 -0.00222868410463 -0.0468483115872 -0.0709003248645 
7.39461156596e-07 5.10582958318e-08 -2.45372319716e-06 1.24852885291e-05 1.6316780709e-05 1.44370916012e-06 -4.30301338793e-06 -1.08951935553e-06 1.55243243156e-05 -4.00462481848e-05 -0.000196394793992 -0.00121034850952 -0.000461453447268 0.000148901009556 0.00113155814912 -0.00945250346255 -0.00402146146773 -0.0380974018327 -0.0431646812245 -0.0251765041306 0.0694882484107 -0.436583613383 -0.0450953486103 -0.333708954327 -0.166461595913 -0.0236378362814 -0.0364329854485 0.0733656889239 0.0201536213057 -0.0281697554881 0.0521739346704 0.44285079081 -0.562532062818 -0.307424140881 0.118086113506 0.164926882505 
7.95678458112e-07 -9.04862850636e-07 -3.75346300695e-06 1.08329339024e-05 1.51134325215e-05 9.30448496051e-07 -1.74619758008e-06 -1.6930622161e-06 1.04550276745e-05 -2.65447386733e-05 -0.000185458054652 -0.00125935469568 -0.000542085679317 -0.000154435182564 -2.25912404955e-05 -0.00241822548314 -0.00501938469214 -0.0453300789899 0.00733085596111 -0.03875416441 -0.0168613923974 -0.0412866428152 0.0818080273903 0.792673506015 0.324761942666 0.143331906328 -0.0928401868551 -0.0132396936923 -0.0562530106803 0.107793486687 -0.158861228293 0.291025417759 -0.310281773919 -0.0496569302588 -0.0316050374762 0.00888301694202 
-3.28725174224e-06 6.33173748273e-07 1.17672987479e-05 -5.59554513814e-05 -7.16317161773e-05 -5.96448442844e-06 1.4926149993e-05 4.31780679615e-06 -6.64436161811e-05 0.000165787073186 0.000671886332346 0.00429693413884 0.00158222163509 -8.63312339116e-05 -0.00451031370981 0.0343498118589 0.0127544665469 0.110215787353 0.158324660416 0.151135815949 -0.103009495034 0.739741117839 0.0152514478489 -0.0550405772067 0.0315573309452 -0.0524721807187 0.15233512697 -0.0430544167775 0.111547867086 -0.252815548981 0.287638753697 0.260796708502 -0.279828301598 -0.18723981906 0.0038032482039 -0.0904092735446 
-1.84752090114e-06 -2.46105928206e-08 5.95813791284e-06 -3.60754377438e-05 -4.27192509148e-05 -3.74907700728e-06 7.2348537463e-06 7.70228011426e-07 -4.45311571571e-05 0.000104262377461 0.000127768351565 0.000904227484282 0.000125405529241 0.000243654991131 -0.00393968420631 0.0216243997789 -0.0015204460627 -0.0300646043099 0.129030391906 0.112091468778 0.0410618455088 -0.378877017452 0.0173699108957 0.21417624842 0.123907172573 0.038952883647 -0.0191703259471 -0.14821820425 0.18041574615 -0.526285487211 0.626529644026 -0.0904244281459 0.123081026053 0.0572404252964 0.0233577949759 0.0978247788601 
-1.61385245586e-06 -2.78215786503e-07 5.00470961716e-06 -3.11533348425e-05 -3.77435291584e-05 -3.38085500349e-06 8.07448083887e-06 1.13701895591e-06 -3.82367610822e-05 9.27493197143e-05 0.000226148890344 0.00143049314153 0.000403750166547 -4.10622352042e-05 -0.00334075793494 0.0209296114376 0.00195791106842 0.0078537057696 0.12204554765 0.0886383063048 0.00173856462163 -0.0459192927138 0.00883185062104 0.03224430054 -0.0458704535357 0.0158752567003 -0.00674454513088 -0.0530693715913 -0.0821196705045 -0.0408647419941 -0.0797439134649 0.198552110182 0.155561843892 0.119638503056 0.851183842775 -0.388666276381 
2.23162667885e-07 2.35475773931e-08 -7.46902794336e-07 3.57365672624e-06 4.8737614546e-06 4.30518821888e-07 -1.48917145177e-06 -4.26911540578e-07 4.3715616065e-06 -1.18295393629e-05 -7.78128925963e-05 -0.00047296661342 -0.000191190433645 7.68910416341e-05 0.000282899547296 -0.00294142427384 -0.00179977111678 -0.0176374283737 -0.0124077241675 -0.0057810666475 0.0266239753438 -0.183381497747 -0.012653097306 -0.0779281488025 -0.0465816800209 -0.00459164774432 0.0568499845233 -0.090684200873 -0.0197206126016 -0.0578248102999 0.0319344960767 0.204868424938 -0.0973358386849 0.239567420358 -0.441578180136 -0.797929018513 
