-0.714119523829 -0.618204357591 0.13294802914 0.246475014654 0.0233861161004 -0.0013624726322 0.0326644763529 -0.0267227555604 -0.064222336403 -0.150488891254 0.000488882677829 0.0172666601699 0.000783746852747 -0.000707041379689 -0.00135223184485 -0.00143242785754 -0.000664937951453 0.00514760876546 -1.30235025521e-05 4.88800128049e-06 
0.632407282296 -0.700321779809 -0.153997014111 0.234700939946 -0.0431452653755 -0.010411242183 0.0194771110843 -0.0272602452436 -0.064342821494 0.152739867884 0.00365938064277 -0.0142499346174 -0.00193853942476 0.00128554617521 -0.00074772934606 -0.000479928672739 -0.000701022060404 0.00508197965751 -1.24701999932e-05 4.51323096233e-06 
-0.0165281567526 -0.235316423317 -0.144365559238 -0.544273992167 0.725471467975 0.163244572053 0.0229509653975 0.112893972326 0.24425831894 0.0147070436957 -0.0169286982597 -0.0266269690666 0.00011671547186 -0.00423824068858 0.00680042690548 -0.00592878937108 0.00239252710906 -0.00829903121569 1.35011840829e-05 1.47601723749e-06 
0.0192588469284 0.242738921583 -0.196241649203 0.533077796863 0.610100005458 -0.00867995167611 0.150558737358 -0.194022212503 -0.425307105852 -0.0490055758946 -0.0067111504969 -0.0384747763857 -0.00492883840352 -0.0119467275166 -0.000254804868387 -0.011691353746 -0.00157021462299 0.0171759117435 -5.21980808102e-05 2.07387540687e-05 
0.127928060246 0.0668129111111 0.662182751678 0.387370977532 0.251251162843 -0.0120808265034 0.0760061962575 0.241618331255 0.472227383422 0.161472478034 -0.0160718700517 0.10750955922 0.00556769217489 0.0467899521266 0.00111185364693 -0.00776115417667 0.00078864876864 0.00525891421624 -1.75498067909e-05 1.55152197237e-05 
0.109095176404 -0.0793738594241 0.643030316871 -0.348971952736 0.0735193866726 0.0482979669899 -0.045524278688 -0.301605339909 -0.570158820654 0.112241534305 0.00400336010348 0.0831582659078 0.000728167529335 0.0315048562428 -0.0108204624842 0.00419163648663 -0.00182588638381 -0.00330851046602 9.65711809423e-06 -1.94895888417e-05 
-0.246469891136 0.0285325464382 -0.144391654691 0.0141571543807 -0.0188002626513 -0.0067688656716 -0.0130979364857 -0.00279022369947 -0.0446810633364 0.953673351503 0.00350667250284 -0.0702995223125 -0.00734314379646 0.0175993348702 0.00178288574973 -0.000145779324531 0.000101739333653 0.000236370764174 -1.99933749235e-06 1.13415476931e-06 
0.0174317885372 -0.00441096793428 0.116375528774 -0.0218701225716 -0.0247243802311 0.0342494105488 0.104778943696 0.664856381936 -0.320346766717 -0.031303172769 0.00814161927697 -0.617875115066 -0.0155854346331 -0.204775225768 0.0535632342208 -0.00811173136042 0.00965928669796 -0.0147088196227 4.38795643412e-05 4.27509741999e-05 
0.0111180255899 -0.0030046644614 0.113221526053 0.029626469333 0.0134443731497 -0.0242676754824 -0.0910501170047 -0.579188031192 0.307332324468 -0.0160495319164 0.0390065844284 -0.695632367848 -0.0411226560034 -0.243797756558 0.0111366855433 0.00692676810896 -0.00311327488052 0.0143240896101 -5.00226355014e-05 3.98993343799e-06 
-0.00280034869132 -0.0370475391203 0.00466107637191 -0.116719632644 0.12068048738 -0.974038503943 -0.0283923574046 0.0501289945093 -0.00953038323457 -0.00197346826895 0.113140033349 0.00555147863176 -0.00220884503027 -0.0225127481329 -0.0235679515928 0.0307814664886 -0.01237225034 0.0569795729109 -8.35673409839e-05 1.96923356531e-05 
-0.000413805979469 -0.0073317267203 0.0070959850345 -0.129224803272 -0.12133363066 -0.0442167395679 0.954094913626 -0.129356673655 0.0610364795681 0.0145149541489 -0.100968910568 -0.0121719529165 -0.00811109177799 0.0394992532166 0.0588962957863 -0.0801468830906 0.00586355676141 0.116865337384 0.000449390566396 0.000260395689716 
-2.54930512444e-06 -0.000222067186714 -2.93891738974e-05 0.000455916755945 0.000439567452149 -0.00479393244506 -0.00164702087923 0.00670587833535 -0.000948721268213 -0.0378174790605 0.00464393523715 -0.284801090011 -0.225429962327 0.836487182669 -0.216290610562 0.292100550722 0.0260474659013 0.00848405117672 0.0928571583384 0.159241516485 
-2.21282291435e-05 -0.00192790609639 -0.000136999444774 0.00215934839606 0.00390201814448 -0.0366745242937 -0.103857058264 -0.0088747724676 -0.00195036219064 -0.0162382690231 0.0511459332152 -0.0927244216425 -0.0628883392129 0.336007825687 0.354577761756 -0.841095568346 0.123838830616 -0.0112816617691 -0.0979119235052 0.0348090705299 
1.65376817547e-05 0.00104474138343 -3.77461000959e-05 0.000943869103294 0.000226032380537 0.0201062482857 0.00401795864314 0.00894647659591 -0.00120279579572 0.00568642283385 0.123635761437 0.128239220487 -0.873915653716 -0.207668534634 0.285700961841 0.119106722353 0.12344590949 0.0466386575668 0.0178500022266 0.217563136494 
-4.10199403347e-05 -0.00209685990016 0.000246062876385 -0.00536788124348 -0.00419345767206 -0.0379148552372 0.0348592808202 0.00925757871777 -0.00127691907455 0.00496987850026 -0.225806474812 0.0214223276435 -0.253485378969 -0.154903168192 -0.741907552902 -0.345242270357 0.250050725809 -0.33311290179 0.114564455586 0.0354043270939 
1.84189056502e-06 -0.000372712514044 -0.000136813355485 0.00225289691413 0.00319905814239 -0.00985463718962 -0.0325106932939 -0.00803441150497 -0.000966787830166 0.00178346268999 -0.110569435947 0.00229082339011 0.221798945867 -0.0210479195324 0.107831718611 0.160806417552 0.915465613204 0.19592703086 -0.0393844480924 0.14625649616 
6.72774505548e-05 0.00550566205953 0.000206252305435 -0.00155946548493 -0.00617114368179 0.115890913639 0.027239478657 0.0314510499216 -8.45544713989e-05 0.00148611699839 0.66499924362 0.021394794331 -0.00840618537751 -0.0406185208606 -0.406179128287 -0.13376748685 0.0245552717312 0.550831797311 -0.2305387092 0.0179119349436 
1.87201585017e-05 0.00177784958514 7.86891784915e-05 -3.7196408426e-05 -0.00390445788249 0.0317632565193 0.143454403922 -0.0241454344709 0.0139666882279 0.00218880846276 0.671809646421 0.0184828774682 0.130688507995 0.017867396125 0.103711108742 0.06551647859 0.179440607506 -0.629333367955 0.254962208717 -0.015118084685 
1.06610704611e-05 0.000618189197603 -3.58043431476e-05 0.000778113038016 0.000823987819151 0.0134297349039 -0.0369385935395 0.00914702533958 -0.00306832170917 -0.00337262663635 0.00973997350863 -0.00775161299394 -0.150714333017 0.0500517496203 0.0296637409136 -0.0319602973589 0.12988372206 0.256918108213 0.562902187568 -0.755868472942 
-1.03384820402e-05 -0.000696701139782 2.12768944025e-06 -0.000233357973334 -0.000198073689087 -0.0156911097044 0.0346868907886 -0.00716999667291 0.00252143650117 -0.00411225795725 -0.000657865712319 -0.0237163614465 -0.16144494793 0.0908720867933 -0.00292696249138 0.130590251078 0.13479137438 -0.254971226393 -0.729234610728 -0.575817425239 
