0.653931190451 -0.365770163832 0.181978095504 0.588669469873 -0.0894957578942 0.022128875732 0.0816322661054 -0.000128841371725 0.0106848217526 -0.00210512546133 0.0004236631777 -0.0563106289886 -0.00245469217561 0.100793844195 0.151636228165 -0.0751572642947 0.00224725640188 0.0340519820022 0.00184362416725 0.0132207290998 -0.00337410730697 -0.0013493460219 0.0160488809365 0.00154834165483 0.00472810317123 -0.000405067027198 0.000133943001219 -0.000272132112244 0.000458119949742 -0.00173983288857 0.00592483225857 -0.00052156413624 0.000905061623588 0.000150860296501 -0.000366407569941 -2.32944153419e-05 1.53337930361e-05 -6.09627419334e-06 -1.42869795145e-07 -1.91663548558e-07 2.12217611893e-08 -7.64375786042e-08 -5.97160286891e-09 -1.03358766359e-08 3.9126329913e-08 8.9782525027e-09 -2.67934800345e-09 5.56300273944e-10 -4.77623624351e-10 2.39064137221e-09 3.89836468565e-10 1.95700208656e-09 -1.01348697642e-09 -7.07784260172e-11 -1.06192160594e-11 7.29062397151e-13 1.46036533723e-11 1.55885061145e-11 -3.73211751526e-13 -3.92169566974e-13 -3.66074069886e-14 -3.26258492155e-12 1.96901106234e-14 1.61566861319e-11 1.11579890069e-11 1.0458796768e-13 3.00914842451e-13 2.38679911816e-12 -6.51141810003e-12 -2.94627183449e-13 2.35524682357e-12 -2.66783292742e-12 2.79124096003e-13 
-0.0428607222942 -0.103167503935 0.716773141496 -0.211292623895 -0.183725178775 -0.229377252015 -0.0571960970763 0.396984401556 -0.00667567145844 -0.000630610560133 -0.00212620922653 0.308138575475 0.0167348663933 -0.0828701216221 0.0919067639546 0.0014042481282 -0.0272071525172 -0.168404170974 -0.0190842700765 -0.10199578048 0.0359766384814 0.0132926975384 -0.154343429267 -0.0144487664996 -0.046070579009 0.00453435427084 -0.00132161745032 0.00264947609878 -0.00445133149865 0.016948372956 -0.0577282826456 0.00508157268767 -0.00881901357366 -0.00145987141058 0.00354595930477 0.000226831373613 -0.000149447096205 5.94015448165e-05 1.39140294913e-06 1.86733747344e-06 -2.06750846184e-07 7.4478924181e-07 5.819456334e-08 1.00699541833e-07 -3.8115836856e-07 -8.74694333852e-08 2.61003835019e-08 -5.41982265093e-09 4.65282849044e-09 -2.32899930898e-08 -3.79803880724e-09 -1.90669036578e-08 9.87432295565e-09 6.89598905805e-10 1.03454348397e-10 -7.10180951623e-12 -1.42259858149e-10 -1.51853893651e-10 3.6355719377e-12 3.82018915903e-12 3.5660318836e-13 3.1782270368e-11 -1.91810577827e-13 -1.57384770673e-10 -1.0869124288e-10 -1.01881948839e-12 -2.93125850055e-12 -2.32501212223e-11 6.3428678016e-11 2.86995414221e-12 -2.29428420245e-11 2.59877325466e-11 -2.71899075857e-12 
-0.439552735505 -0.856283865005 -0.19728785747 0.00999695315138 -0.0483636129739 0.0400764666675 -0.0652386385258 0.125727090775 0.08493445837 0.0135260640272 -0.0216198692639 -0.0426444416498 -0.00808194106203 0.0036115417212 0.000415454607919 -0.00313084762924 0.00512192036544 0.00320098815959 0.000412021150553 0.026656512014 0.00318034196638 0.00012004805692 -0.00311313792308 2.03951655504e-05 0.000889892237601 -2.46447087802e-05 2.11135907905e-05 -5.14576513805e-05 9.34113177667e-05 -0.000327617878915 0.00111166822138 -9.82569307269e-05 0.000170190164444 3.27454266776e-05 -7.94185597243e-05 -4.42446322398e-06 2.86795571562e-06 -1.14206169032e-06 -2.69208369269e-08 -3.59995005821e-08 3.98945498857e-09 -1.43718017508e-08 -1.12296875482e-09 -1.94292716255e-09 7.35475234483e-09 1.68771428937e-09 -5.03665472753e-10 1.04558122218e-10 -8.97796085938e-11 4.49359641177e-10 7.32738063229e-11 3.67837230979e-10 -1.90494509381e-10 -1.33033762299e-11 -1.99604778242e-12 1.37049629848e-13 2.74510594414e-12 2.93021808531e-12 -7.01540970203e-14 -7.37183479469e-14 -6.88125165427e-15 -6.13276204009e-13 3.70119118482e-15 3.03706672611e-12 2.0974376261e-12 1.96598704353e-14 5.65647135845e-14 4.4866124201e-13 -1.22398985717e-12 -5.53834166569e-14 4.42729279709e-13 -5.01488607008e-13 5.24685907411e-14 
-0.104346359192 0.0743546456692 -0.0200704601046 -0.150046236051 0.0225585200008 0.00147618277513 0.0113264379436 0.0482792047534 0.0028784135025 0.00875656925011 -0.0146503277068 -0.0914131737552 -0.000911114578837 0.432350725245 0.596959532037 -0.581878029627 -0.00962279352288 0.206586011792 -0.00436002155207 0.0619485814639 0.0435604006637 0.00590662067583 -0.135807811972 -0.0125764232243 0.00168631640894 -0.000240231839481 0.000148176693007 -9.92502572641e-05 0.000153005668867 -0.000633220627479 0.00218565728416 -0.000189996677363 0.000330660221118 2.57492074451e-05 -6.32919442463e-05 -8.23800206952e-06 5.70715796573e-06 -2.26162297598e-06 -5.17517809203e-08 -7.03876703582e-08 7.76822555611e-09 -2.79607884087e-08 -2.18234322243e-09 -3.77865392855e-09 1.43266542046e-08 3.28108017148e-09 -9.81698631462e-10 2.0336125792e-10 -1.74891381873e-10 8.74732169925e-10 1.42538304293e-10 7.15318451065e-10 -3.70444179705e-10 -2.58652501524e-11 -3.8853664827e-12 2.6721162296e-13 5.34921031984e-12 5.70972217309e-12 -1.36716700308e-13 -1.43691699924e-13 -1.34107177132e-14 -1.19494525472e-12 7.21132673524e-15 5.91994970751e-12 4.0886218201e-12 3.83155632324e-14 1.10257463106e-13 8.74574100367e-13 -2.38586592305e-12 -1.07982840409e-13 8.62972394692e-13 -9.77537975678e-13 1.02273556212e-13 
0.191722497786 -0.0197420168379 -0.112819436312 -0.145682750452 -0.030718390153 -0.0728354427612 -0.744989682133 0.0272605980225 0.0091855551108 0.00321025534996 0.00843073062724 0.0131699961945 -0.0178607390336 -0.0253388719365 0.356588473244 0.362980536012 -0.0168356129943 0.24019843733 0.00620864617201 -0.117878176764 -0.0591173162319 -0.00924217136378 0.175551056264 0.0152703023545 0.00720798243299 -0.00103043478913 0.000176055371189 -0.000412637362215 0.000682278970471 -0.0026420146102 0.00903072953358 -0.000792523605938 0.00137642475015 0.000197030192033 -0.000479384336016 -3.51103479368e-05 2.34348409714e-05 -9.30555294195e-06 -2.16613915696e-07 -2.91719486529e-07 3.22678991119e-08 -1.16268664052e-07 -9.08820309188e-09 -1.57171187497e-08 5.94823227631e-08 1.36504588855e-08 -4.07282831625e-09 8.45930585093e-10 -7.26086628535e-10 3.63484359332e-09 5.92810789624e-10 2.97618517416e-09 -1.5413015533e-09 -1.07643783464e-10 -1.61460947654e-11 1.10813557965e-12 2.21991103749e-11 2.36962591833e-11 -5.67308403158e-13 -5.96100546527e-13 -5.56454341383e-14 -4.95954418584e-12 2.99317256609e-14 2.45581883884e-11 1.69599625587e-11 1.58979166499e-13 4.57391309336e-13 3.62791321378e-12 -9.89734374588e-12 -4.47809573447e-13 3.57998753625e-12 -4.05509286204e-12 4.24269026818e-13 
0.013943869933 0.0261856919666 -0.00501530360135 0.00188825020055 0.00355290687302 0.0561233611106 -0.134933493091 0.118539267247 0.0103854297535 0.00433656971023 -0.012573300177 0.0675304677299 0.023700910887 0.85453224892 -0.284148164861 0.275096238791 0.0174317741484 -0.248722866829 0.00552521492046 0.0729418256706 0.0196310915113 -4.9407485496e-05 -0.0558257297498 -0.00525563420529 0.0142719723429 -0.002487071644 0.000491270296818 -0.000818334783783 0.00136623720785 -0.00525002844798 0.017911575024 -0.00157561292214 0.0027361066291 0.000427995229648 -0.00104021006812 -7.00577697875e-05 4.64506292703e-05 -1.84391513432e-05 -4.30386761199e-07 -5.7902034865e-07 6.40832295556e-08 -2.31039035224e-07 -1.80695233061e-08 -3.1220259082e-08 1.18096111945e-07 2.71129593392e-08 -8.08458312111e-09 1.68025330821e-09 -1.44150899078e-09 7.21807920361e-09 1.17747800847e-09 5.91220114927e-09 -3.06180894888e-09 -2.13849845272e-10 -3.20634186315e-11 2.19935781168e-12 4.40673051057e-11 4.70396518216e-11 -1.1261214838e-12 -1.18319393581e-12 -1.10456213924e-13 -9.84540869618e-12 5.94196074549e-14 4.87450102775e-11 3.36628216404e-11 3.15571271998e-13 9.07866885581e-13 7.20088458531e-12 -1.96449506263e-11 -8.88769873402e-13 7.10586668279e-12 -8.04880916597e-12 8.42122150474e-13 
-0.115565619142 0.0213211841482 -0.00136025449882 0.0025377421032 0.044060996506 0.0674796968393 0.526253538056 0.0229664283646 -0.00622579359118 -0.00538452038958 0.00866586567675 -0.0232842841369 0.0143281500799 0.0528552639301 0.548510102186 0.629906146846 -0.00174956120377 -0.0231905140445 0.00131512405223 -0.0142358180835 -0.00444399936212 -0.000729726489401 0.00948886202392 0.00054500980791 0.00335459439696 -0.000501181594589 0.000121455017779 -0.00019280195606 0.000315663076889 -0.00123444272168 0.00422619988902 -0.00037061039743 0.000644026333682 8.61600611278e-05 -0.000209799446046 -1.63533458525e-05 1.09856429759e-05 -4.35695730186e-06 -1.01129721369e-07 -1.36496454464e-07 1.50962514874e-08 -5.43991930681e-08 -4.25154420154e-09 -7.35109228751e-09 2.78261806991e-08 6.38377443006e-09 -1.90544723774e-09 3.9563608092e-10 -3.39663757478e-10 1.70021793639e-09 2.77264888566e-10 1.39194562819e-09 -7.20857633019e-10 -5.03430567663e-11 -7.55237571154e-12 5.18450214107e-13 1.03851773148e-11 1.10855006645e-11 -2.65400598902e-13 -2.78877851188e-13 -2.60324114559e-14 -2.32013968222e-12 1.40023723028e-14 1.14892546116e-11 7.93457508116e-12 7.43749048879e-14 2.13984965398e-13 1.69728334863e-12 -4.63036030144e-12 -2.09509562426e-13 1.67485172159e-12 -1.89713190157e-12 1.98489207415e-13 
-0.0572144869163 0.0066744613635 0.107953976898 0.0430972669293 -0.0173872547236 -0.0216342876646 0.162972376273 0.130498916492 0.0069075201997 0.00123806878423 0.00299837141317 0.0957396132219 0.0232714200183 0.125678944555 -0.286873204237 0.125440860419 -0.0652740825705 0.880782283412 -0.00267983700253 -0.131883646329 0.0230057329772 0.00242453914939 -0.128377981383 -0.01529692316 0.0135064130734 -0.00382789295578 0.000719507345987 -0.000774975151602 0.00120471917243 -0.00498215712834 0.0171737718863 -0.00149693895513 0.00260602324603 0.000233641368426 -0.000572612572764 -6.50564982196e-05 4.48615637534e-05 -1.77530974988e-05 -4.06814290673e-07 -5.5316609259e-07 6.10625267815e-08 -2.20205844228e-07 -1.72282297774e-08 -2.97383231842e-08 1.12517326013e-07 2.58167313952e-08 -7.70314229218e-09 1.60048284302e-09 -1.37335371637e-09 6.87646278463e-09 1.12168329443e-09 5.63201235517e-09 -2.91670353831e-09 -2.03712099785e-10 -3.05457570318e-11 2.09558113905e-12 4.19850287274e-11 4.4816469616e-11 -1.07290975503e-12 -1.12730556109e-12 -1.05237263132e-13 -9.38004611414e-12 5.66107838226e-14 4.64426019153e-11 3.20729568577e-11 3.00661450041e-13 8.64984705634e-13 6.86077972075e-12 -1.87170624202e-11 -8.46808514798e-13 6.7702232071e-12 -7.66864762278e-12 8.02345678527e-13 
0.0847619062461 -0.0939283925578 -0.00901332374217 0.0174381634854 0.906042239088 -0.293276887352 -0.00953948347575 0.139072397074 -0.0296007209441 0.0385511005167 0.00432849699887 0.134108311403 0.125424413348 -0.0293452966649 0.0050379063206 -0.0102889581251 -0.0115631347792 -0.0203359447279 0.0273495398774 0.0354655853891 0.00994129263042 -0.0117871025565 -0.0642760446912 -0.00949960235983 0.0683892823892 -0.0130246569303 0.0022631538307 -0.00391399055953 0.00647678001236 -0.0251366105127 0.0857323762863 -0.00754232751864 0.0130991642682 0.00206911126158 -0.00502826160923 -0.000335562171983 0.000222309618346 -8.82482660742e-05 -2.06024778054e-06 -2.77155808025e-06 3.06756434711e-07 -1.10606590047e-06 -8.65159541176e-08 -1.49451629265e-07 5.65279484466e-07 1.29787506274e-07 -3.86964333911e-08 8.04328320826e-09 -6.899873422e-09 3.45512601993e-08 5.63653405493e-09 2.83020457946e-08 -1.46570620663e-08 -1.02372388189e-09 -1.5348047687e-10 1.05268600209e-11 2.10927137491e-10 2.25154355564e-10 -5.39011953812e-12 -5.6632295826e-12 -5.28691558792e-13 -4.71249815075e-11 2.84412163511e-13 2.33312478763e-10 1.6112278236e-10 1.51045972945e-12 4.34540288769e-12 3.44661554295e-11 -9.40282776455e-11 -4.25393400439e-12 3.40114495921e-11 -3.85246706956e-11 4.03072243238e-12 
-0.106132753362 0.120951482742 -0.181046931729 0.314819615252 -0.102090765854 0.0756605240547 -0.204971093913 -0.0183024185424 0.0134939994942 0.0303540335116 -0.0480568987628 0.278093742457 0.152266870907 -0.150462585715 0.0964545126733 0.0990954290393 -0.019872602255 -0.0272507005822 0.00313444422384 0.28214559637 0.209537401059 0.0205938680513 -0.708807012565 -0.0685675655415 0.0451888621946 -0.0120575671204 0.00191976252236 -0.00258233449212 0.00420884329985 -0.0166351831615 0.0568231255603 -0.00499465106761 0.00868036176418 0.00129272366439 -0.00314358731098 -0.000221405407801 0.000147584441891 -5.85182687599e-05 -1.36135773414e-06 -1.83584488494e-06 2.03112553367e-07 -7.32883199629e-07 -5.73723491094e-08 -9.89723340057e-08 3.74161512054e-07 8.59329487148e-08 -2.56079466397e-08 5.32624939232e-09 -4.56677840626e-09 2.28745008465e-08 3.73258302846e-09 1.87445764687e-08 -9.70747079702e-09 -6.78069967976e-10 -1.01612608299e-10 6.96521460832e-12 1.3958857258e-10 1.4900478047e-10 -3.5669600408e-12 -3.7474157464e-12 -3.49861645852e-13 -3.11874029414e-11 1.88227301413e-13 1.54384208379e-10 1.06613679712e-10 9.99538377776e-13 2.87538112061e-12 2.28061746744e-11 -6.22188085094e-11 -2.81458484242e-12 2.25056675006e-11 -2.54918039981e-11 2.66715180485e-12 
0.111829381843 -0.0566133036982 0.257330483433 -0.236423514272 0.0990910483456 0.0546139906246 -0.0691365809242 0.0448677547352 0.0102400052647 0.0407922114006 -0.0542967897741 -0.696634147101 -0.149801073425 -0.072007673467 -0.0845927095347 0.144225036852 0.0805664411836 0.0712971012565 -0.0298543513469 0.441374478929 0.123123348177 0.0263318243297 -0.261197650137 -0.0169460131918 -0.0431990301142 0.0131464236034 -0.00144793337647 0.00245219816117 -0.00397710575054 0.0158256821268 -0.0540885616356 0.00475329212023 -0.00826323699079 -0.0012051436452 0.00293135277274 0.000210415479976 -0.000140577360726 5.57096970306e-05 1.29445139963e-06 1.74702943309e-06 -1.93252744176e-07 6.97599356844e-07 5.46392586629e-08 9.41897329943e-08 -3.55930374214e-07 -8.17744580463e-08 2.43557005572e-08 -5.06888889793e-09 4.34411832199e-09 -2.17642176516e-08 -3.5521743461e-09 -1.78405399079e-08 9.23931068756e-09 6.45409272323e-10 9.66818621114e-11 -6.62382696474e-12 -1.32769425126e-10 -1.41726755111e-10 3.39260218224e-12 3.56401151357e-12 3.32756071292e-13 2.96645628506e-11 -1.79038716075e-13 -1.46827602059e-10 -1.01393508036e-10 -9.50661731211e-13 -2.73464304462e-12 -2.16896605101e-11 5.91732037055e-11 2.676603417e-12 -2.14041658806e-11 2.42439069851e-11 -2.53660296929e-12 
0.0575634222486 0.171931934073 -0.266176743447 0.122280255773 0.0147122355341 0.243482757079 0.0193929000141 0.772138856024 0.0834436818767 0.063152344956 -0.161677988197 -0.0474145261279 0.031981829736 -0.105679047577 -0.00486689954357 -0.0519666686157 0.0158898068839 -0.0146279524335 0.0881407851985 0.0795112969458 -0.105743613963 -0.0415801160744 0.120619892216 0.0157778549129 -0.21109457166 -0.0510701215412 -0.00807809409438 0.0124610718916 -0.0204767148474 0.0784916369988 -0.269015058538 0.0235105333312 -0.0408151629753 -0.00493561201878 0.0120357104062 0.00103535332022 -0.000698309394091 0.000277716477811 6.30248505669e-06 8.69398504189e-06 -9.58661339337e-07 3.44532227479e-06 2.70319817534e-07 4.61145209838e-07 -1.77904307241e-06 -3.81051088096e-07 1.25173003634e-07 -2.26251042907e-08 2.17359331977e-08 -1.04877861658e-07 -1.65216535787e-08 -8.19313676862e-08 4.24152546028e-08 2.93218805e-09 4.64215529538e-10 -3.44599057775e-11 -6.58049401313e-10 -7.11323176358e-10 1.71085587756e-11 1.79731083265e-11 1.68335535516e-12 1.49965044181e-10 -9.09476682539e-13 -7.40655957281e-10 -5.11365696858e-10 -4.79621811677e-12 -1.37929375894e-11 -1.09383400413e-10 2.98570602523e-10 1.35901911982e-11 -1.07938252042e-10 1.22241680031e-10 -1.27807052234e-11 
-0.142307674113 0.00641858945816 0.0482119908906 0.177705540868 0.0795538799886 -0.281712736255 -0.0495542451271 -0.31568927789 -0.00199519616039 0.0857225503959 -0.16110034894 -0.00312404258398 -0.0639045374379 0.0782095987364 0.0156476692346 0.0418116823687 -0.000769338178747 0.0188102305225 0.0201892195662 -0.0703248981125 -0.0606815882971 -0.00130987007162 -0.0745636425463 0.00675608093447 -0.498249341724 -0.0308701330395 -0.0176354686456 0.0290325340277 -0.0479719269882 0.184329367351 -0.63038485499 0.0552533673514 -0.095932357812 -0.0131823104843 0.0320890546772 0.00244450257108 -0.00163544610776 0.000649945923674 1.49376318774e-05 2.03763292937e-05 -2.2505735253e-06 8.09915324221e-06 6.34526794572e-07 1.08863154011e-06 -4.1638823767e-06 -9.19810520431e-07 2.89517599943e-07 -5.56975375939e-08 5.08525765847e-08 -2.49405405413e-07 -3.99102670728e-08 -1.99038012879e-07 1.03057490153e-07 7.15800209668e-09 1.10568989543e-09 -7.92996435294e-11 -1.54612758249e-09 -1.66213035419e-09 3.98962662043e-11 4.19152453431e-11 3.92017787193e-12 3.49313866257e-10 -2.11399566455e-12 -1.72708566778e-09 -1.19254749307e-09 -1.11826179019e-11 -3.21644830797e-11 -2.55094947781e-10 6.96140486051e-10 3.1603441441e-11 -2.51726065281e-10 2.8510404965e-10 -2.98175839445e-11 
-0.285127991809 0.156904294035 0.137145296893 0.377743837986 0.086138100461 0.0206699186516 -0.144631639395 0.105414588053 0.10977258001 0.0495331637237 0.0204889141012 -0.444517374489 -0.0232897722223 0.00414656878473 0.0153945043143 0.00485692281117 -0.138843604834 -0.112572049987 -0.0164073581998 -0.588905219434 0.137116721189 0.0943795819353 -0.108614483576 0.00836139279728 0.163101830224 -0.0841759160796 -0.0395325767882 -0.133216947293 0.0455897798209 -0.024224446699 0.0698617877031 0.00650607269712 0.0105658841934 0.00439518423645 -0.00504989312703 0.00346056061616 0.000499592409262 -0.000501009957221 0.00285475188294 4.57692855744e-05 -5.86380628019e-05 9.7176778525e-05 -3.70890562657e-05 0.000110295498526 3.13697321915e-05 -0.000428501949467 -5.52518789146e-05 -4.29053118711e-05 -5.61359930703e-07 -5.94365374717e-05 -1.89015202819e-05 -0.00011040196997 5.74119431017e-05 4.48359889286e-06 2.90770219527e-07 2.11334562001e-08 -1.010253345e-07 4.1332622259e-08 -2.21483207171e-09 -2.10735663625e-09 -3.02006846825e-10 -2.71615789724e-08 2.39228924481e-10 8.95746174103e-08 5.83843789971e-08 6.38598065831e-10 1.64281260554e-09 1.25457498174e-08 -3.72050746465e-08 -2.89520432923e-09 1.25875358293e-08 -1.37330225111e-08 1.29796318577e-09 
-0.170511622089 0.0660015898767 0.143115482213 0.184682084458 0.0463764144233 0.0536954643058 -0.0790941977239 -0.00788596983597 0.0186357913589 -0.109791095828 -0.0245386410201 -0.0739581753748 0.00748689214431 0.00222286443137 0.0198890798435 0.000674515023597 -0.00263904980144 0.00659545126158 0.00770347730942 0.0359415044757 -0.259906597061 0.00604971163172 0.0343266774996 -0.118430703615 -0.301787851634 -0.0229120013236 0.236181867541 0.691300917854 -0.190353690438 -0.0823892485766 0.339014559786 -0.0979441660393 0.0500546190737 0.00304851380546 -0.0379071340507 -0.0217557782349 -0.00091598928406 0.00198328856869 -0.0155204930535 -0.00027179226262 0.000320986591391 -0.00053682453279 0.000200686619605 -0.00060019709342 -0.000165578514548 0.00232799590294 0.000299708040141 0.000233056875442 2.99008299048e-06 0.000323050436215 0.000102688630394 0.000599755390751 -0.00031188814565 -2.43559547722e-05 -1.58026760527e-06 -1.14672154064e-07 5.50380551803e-07 -2.22546050992e-07 1.19816629291e-08 1.1395732494e-08 1.63552133879e-09 1.47097393308e-07 -1.2966822464e-09 -4.84445901091e-07 -3.15683444541e-07 -3.4550178181e-09 -8.8842530146e-09 -6.78359965949e-08 2.01240322205e-07 1.56858937625e-08 -6.80667478117e-08 7.4248953566e-08 -7.01427512321e-09 
-0.0396151816639 0.0760466673863 -0.140690123255 0.132117897171 -0.0493996644312 -0.377349398346 0.0401978861173 0.120725487613 0.157467125263 -0.0412027914697 -0.00117475074946 0.0978981252413 -0.847507148387 0.00841956926744 0.00969516742902 0.0112151736253 0.0140428418731 -0.00561987393728 0.0406358388438 0.110533230002 -0.00229074713601 -0.0188536619554 -0.0153572952113 -0.00488210145372 0.0943560046341 -0.0164743874865 0.00372509165684 -0.00633405473523 0.00923982238397 -0.0344711403848 0.118581462983 -0.0102820237713 0.0180453172351 0.0018664093261 -0.00452074136523 -0.000424571179119 0.000312091807818 -0.000125578659333 1.79243238955e-05 -3.47581724504e-06 -4.92082723968e-09 -8.12152778475e-07 -3.87923275219e-07 5.95894611058e-07 1.00293896786e-06 -2.93303829134e-06 -4.54196115723e-07 -3.00460946497e-07 -1.35370653783e-08 -3.84130393883e-07 -1.29495931778e-07 -7.62710007122e-07 3.96712676511e-07 3.11471822897e-08 1.90052747297e-09 1.67864734041e-10 -4.44144420288e-10 6.08846256325e-10 -2.34716598248e-11 -2.30666469136e-11 -2.91760581997e-12 -2.61813334284e-10 2.1267781699e-12 9.70306386482e-10 6.44861076642e-10 6.70770652335e-12 1.78866610968e-11 1.38354275027e-10 -3.99071586861e-10 -2.68539054212e-11 1.38033058969e-10 -1.52540127284e-10 1.49515236018e-11 
0.0174125109173 -0.00608978410284 0.0297036573284 -0.0400790082701 -0.0451158401968 -0.0408402653327 0.0289175209099 -0.0793056573885 -0.0260812397403 0.414898992948 -0.866906013291 0.0278244474327 0.0144739671261 0.00138593211461 -0.00121116804971 0.00289680433612 -0.0129334486301 0.000275933349349 -0.0120593937738 -0.0327488765398 -0.002814795753 0.00195190011819 0.067957146697 -0.000613413173586 0.13078508031 0.0120937298803 0.0108026227023 0.00899372364711 0.00859441763126 -0.0526210638723 0.183069867135 -0.0177287952928 0.0278187961233 0.00328596901386 -0.00876499323955 -0.0012113675717 0.000432745016339 -0.000130834945639 -0.000387858749349 -1.23740739317e-05 8.55831106726e-06 -1.55120256034e-05 4.78375591312e-06 -1.51421266827e-05 -2.9404490487e-06 5.78130715144e-05 7.32993232817e-06 5.7776474148e-06 5.98561203284e-08 8.05629881814e-06 2.54998160775e-06 1.48838178032e-05 -7.73984230663e-06 -6.04173159131e-07 -3.93774323275e-08 -2.81329085166e-09 1.40357793165e-08 -5.04264080054e-09 2.85207278264e-10 2.70159646733e-10 3.93534104181e-11 3.54033268275e-09 -3.14754986031e-11 -1.14999524732e-08 -7.47522300594e-09 -8.23308771161e-11 -2.10761645863e-10 -1.60664602355e-09 4.78300685636e-09 3.79084498843e-10 -1.61328596595e-09 1.75690224472e-09 -1.65176124393e-10 
-0.0473676552657 -0.0466270994429 0.00310570031447 0.0496480220435 0.0513658493805 0.200844489618 -0.0434684105798 0.060316998507 -0.897928502403 0.212152147638 0.095595544047 0.0305402393044 -0.27011948014 -0.00301350904849 0.00669694325998 -0.00595416949202 -0.0154592384536 -0.00561780662669 -0.00882411618604 -0.0774465956142 0.00851727894809 0.0138609795922 -0.044053660013 -0.00739276315485 -0.0280693237257 -0.00234658301391 0.00724346187597 0.0215560639037 -0.0073990704229 0.00477975636868 -0.0138448635362 -0.00076785608001 -0.00220078215192 -0.000783724991311 0.000989421005044 -0.000544129250445 -8.79749494869e-05 8.29465395921e-05 -0.000456262151054 -7.22989379176e-06 9.35979030164e-06 -1.5483681552e-05 5.92952384598e-06 -1.76240585979e-05 -5.03058952339e-06 6.84773984811e-05 8.83124989559e-06 6.85660254043e-06 8.99202266421e-08 9.49777692847e-06 3.02056917986e-06 1.76430149774e-05 -9.17483616826e-06 -7.16514524716e-07 -4.6464625213e-08 -3.37776775988e-09 1.61376820318e-08 -6.61290448227e-09 3.54140256785e-10 3.36987155817e-10 4.82823683649e-11 4.34224000898e-09 -3.82403772075e-11 -1.43236379155e-08 -9.33653075585e-09 -1.02108056235e-10 -2.62700109027e-10 -2.00623719308e-09 5.94926767152e-09 4.62853982189e-10 -2.0128805075e-09 2.19612287523e-09 -2.07578144057e-10 
-0.0840961025965 0.0551748929861 -0.142090873022 0.134068482097 -0.230516887006 -0.612116499689 0.0340863518094 0.148740840168 -0.365096105438 -0.371055379341 -0.125058979362 -0.232057106007 0.327578153604 0.0188384924086 -0.0131933872309 0.0192970816202 0.0580516873734 0.00453087066006 0.0549797361432 0.139628093536 -0.0112580999837 -0.0273034916658 0.0945315235851 0.0142516482919 0.0874713702216 -0.0267353182951 -0.0164485823138 -0.0469941796105 0.0183219211168 -0.021835979528 0.0645315562105 -0.00156686466941 0.0100823227647 0.00417047688511 -0.00815681027846 0.000982956507421 0.00026964700017 -0.000210731096837 0.000954355175544 1.39970271709e-05 -1.94570719078e-05 3.19228434121e-05 -1.24417584366e-05 3.68352745593e-05 1.07678419856e-05 -0.000143282264574 -1.85018085875e-05 -1.43486191822e-05 -1.91138258193e-07 -1.98659960615e-05 -6.32025228402e-06 -3.69183718082e-05 1.91985597399e-05 1.49937456098e-06 9.71941172975e-08 7.07486018472e-09 -3.36855260321e-08 1.39398252238e-08 -7.43630558935e-10 -7.07888186696e-10 -1.01294011143e-10 -9.10925937444e-09 8.0164428166e-11 3.00856132226e-08 1.96149859633e-08 2.14392414824e-10 5.51809081908e-10 4.21477729848e-09 -1.24946872413e-08 -9.7075152697e-10 4.22842354736e-09 -4.6140369289e-09 4.36292137503e-10 
-0.04163421873 0.0495568078716 -0.0515201673996 0.0636423960922 -0.153513023078 -0.310788469415 0.0320727154847 0.0506286541459 0.0790106189726 0.779504819075 0.404520029518 -0.0846801149019 0.178977594786 0.0116439648396 -0.00658167958695 0.0060822740715 -0.0374168991469 0.00577166349079 0.0397630365545 0.148864442983 -0.0692928013681 -0.0231504202042 0.0907954642595 -0.00227457087253 0.00991372715098 -0.00867895402334 0.0264088862205 0.0558595064471 -0.0124957004052 -0.01654912768 0.0706416251897 -0.0117810665234 0.0106216259412 -0.00126618595834 0.000431943048161 -0.0019342647983 4.75212592861e-05 0.000120854167419 -0.00127868477127 -2.37796336233e-05 2.65480816321e-05 -4.46581985111e-05 1.64564739638e-05 -4.94807096956e-05 -1.33485305692e-05 0.000191624595715 2.46426515423e-05 1.91804637512e-05 2.42686718652e-07 2.65987811909e-05 8.45246502014e-06 4.93648394141e-05 -2.56709514211e-05 -2.00463588881e-06 -1.30105642014e-07 -9.43090355455e-09 4.53771222524e-08 -1.82097370815e-08 9.83477172906e-10 9.35273516116e-10 1.34338590678e-10 1.20813910626e-08 -1.06557070468e-10 -3.97630790483e-08 -2.59083849576e-08 -2.83623079049e-10 -7.29186247556e-10 -5.56733145742e-09 1.65189981627e-08 1.28896388296e-09 -5.58633666246e-09 6.09326713381e-09 -5.75460524264e-10 
-0.366398990978 0.12519933663 0.353423445746 0.371779299304 0.104845702168 0.183668235972 -0.15901684327 -0.0653400454882 0.00956548579956 -0.0184439490589 -0.00595617960974 0.104246903475 0.00312226975801 0.00240692554734 0.0580949110065 -0.003938221284 0.210148149572 0.104768935985 -0.00613291400733 0.424053479587 -0.0449766042636 -0.0838736154058 0.393735008014 0.0758264821163 0.154529762066 0.0959521506804 -0.0745969525327 -0.220402596912 0.0652728166802 0.00329598822982 -0.0299838860776 0.023828243744 -0.0036495084292 0.00119179381825 0.00669566132155 0.00652000359968 0.000489026039071 -0.000699783072513 0.00486197596773 8.26817557543e-05 -0.000100314900874 0.000167221763175 -6.29711950776e-05 0.00018795380992 5.23925528877e-05 -0.000729423014679 -9.39558192837e-05 -7.30272596191e-05 -9.43095982867e-07 -0.000101205820804 -3.21753881801e-05 -0.000187924424229 9.77255607059e-05 7.63169186681e-06 4.95084208166e-07 3.59456286975e-08 -1.72297318593e-07 6.99386624177e-08 -3.75951568248e-09 -3.57603066333e-09 -5.13002819684e-10 -4.61394942459e-08 4.06612309649e-10 1.52014647952e-07 9.90653940076e-08 1.08404510243e-09 2.78784803882e-09 2.12876959555e-08 -6.31449017795e-08 -4.91933590486e-09 2.13597146687e-08 -2.3300829519e-08 2.20154241205e-09 
-0.00482974750623 -0.00697960209591 0.0280355502982 -0.00968381915894 -0.000986410614497 0.0224954075349 -0.00706487920312 -0.027214320543 -0.00622465964519 -0.019225326243 -0.00742109714581 -0.0558088979394 -0.00655033545404 0.00127620947134 -0.00297762509894 0.00099653407682 -0.156996487348 -0.0203876300452 -0.0237206169184 0.00138645613125 -0.690732419875 -0.223655205497 -0.222578240283 -0.0627510894183 0.311873982175 0.0238583513332 0.00417774361712 -0.0363123818203 0.0114093108802 -0.444150478507 -0.279190990569 0.106987734716 0.0358265102462 3.72959761566e-05 0.0182606015035 0.0138664225392 0.00464059117603 0.00148751666316 0.00883197367921 0.000187891554877 -0.000193385185252 0.000438572570254 -0.00011453354511 0.000351316839708 0.000147094303344 -0.00147710110356 -0.000195078791845 -0.000150519483452 -4.07195277849e-06 -0.000195192971247 -5.72975010642e-05 -0.000360514152871 0.00018751616912 1.4505923858e-05 9.14546915378e-07 4.86548667197e-08 -1.02477932619e-07 2.07753556841e-07 -8.90405160484e-09 -1.15369621487e-08 -1.03484948702e-09 -7.20095985132e-08 5.12203021598e-10 4.89146179825e-07 3.52781638462e-07 2.67953733916e-09 9.29881568058e-09 7.47089671235e-08 -1.98517787966e-07 -8.32640702484e-09 7.28133659704e-08 -8.35743980844e-08 8.96301477154e-09 
0.000209479283559 -0.00119124711233 0.00303856234626 -0.00220043851527 -0.000507827265812 0.00301570312715 -0.00130893808007 -0.00356632948958 -0.000812937398825 -0.000746780484589 -0.000645231759811 -0.0184467073882 -0.00054263879992 0.000253056560612 -0.000928353557887 -2.42633867287e-06 0.0255585961244 -0.00538422883067 -0.133548846695 -0.00505035338341 -0.342685983967 -0.00885270849438 -0.0986964704698 -0.105901564868 -0.562869605437 -0.0726282059058 -0.0936328347126 -0.515871427074 0.217843270555 -0.0160631483194 0.440846509155 0.0193424847171 0.0495177787313 0.00139995859088 0.0147055005608 0.0164177597877 0.00493244715823 -0.00200744205855 0.0145260876494 0.000273606287501 -0.00028146936999 0.000485024707581 -0.000187057048481 0.000559194250776 0.000188378781416 -0.00219454742202 -0.000285800939654 -0.000220424525387 -3.80862786135e-06 -0.000299807503126 -9.35901057507e-05 -0.000556897106734 0.000289617857004 2.2566371388e-05 1.45111848273e-06 9.89979119202e-08 -4.12517223537e-07 2.43362903731e-07 -1.19916466839e-08 -1.26743603116e-08 -1.55831587819e-09 -1.315021102e-07 1.10594359801e-09 5.38084161481e-07 3.64772631203e-07 3.50342172333e-09 1.00000663545e-08 7.79177800115e-08 -2.21576642813e-07 -1.43437306525e-08 7.72583905334e-08 -8.60169089126e-08 8.56277895418e-09 
0.0261052374116 -8.51458516173e-05 -0.0441167395044 -0.0137536807749 -0.00653578964751 -0.0268522455683 0.0125353063764 0.0265265485119 0.0185959674206 0.0676119794148 0.0232505543302 0.00256356892666 0.00805948388672 -0.00186498334676 0.000281027896224 -0.00302095473202 0.871698759988 0.01749165863 -0.0713809378538 -0.216787687905 0.0873128661159 -0.0655121598816 -0.0842989921137 -0.0293841026396 -0.0499822314669 -0.0254790390992 0.000747808747289 0.0404494242613 -0.0146032467653 -0.367097680785 -0.060219830928 0.0415271946624 0.0166835565553 0.0452037149751 -0.102072130395 0.0040431013279 0.00137425131507 0.00063471275011 0.00249338777838 5.77165338798e-05 -5.68537198156e-05 0.000143793735019 -3.25346338457e-05 0.000101230821567 4.82936276497e-05 -0.000440342893463 -5.86939366772e-05 -4.52162098057e-05 -1.47403189995e-06 -5.69913188309e-05 -1.61000735506e-05 -0.000104975702458 5.46067210972e-05 4.20591062707e-06 2.61739382292e-07 1.14658676839e-08 -3.91494313134e-10 6.98481196132e-08 -2.80653068171e-09 -3.96061914255e-09 -3.06972457634e-10 -1.87566915353e-08 1.13543564908e-10 1.6782456758e-07 1.23687924997e-07 8.56133867206e-10 3.21730856763e-09 2.61209798956e-08 -6.77331761484e-08 -2.24533615288e-09 2.53166458621e-08 -2.93581050369e-08 3.22631866587e-09 
-0.00531796249636 0.0215694648919 -0.0523892663156 0.0404652479367 0.00725614787435 -0.0459668007916 0.00311521099144 0.0639645059937 -0.00115221627891 -0.00773951686227 -0.00265978883974 0.0277802006099 0.00170080965165 -0.000607534615581 0.000801083075318 0.00104404837507 -0.25688039507 -0.000505808880931 -0.738545370455 0.0908793285553 0.262440710519 0.128830501776 0.148146736146 0.0383473598974 -0.145503509199 0.0987577840627 0.0297784633476 0.0241344217269 -0.0277785143143 -0.460943314312 -0.0959892847546 0.062557174927 -0.00441421358295 0.0155646579831 -0.0163187182594 0.00160930154518 -0.0113203432656 -0.000306006524286 0.0022200240955 -0.000422826945399 -0.00028913038233 0.00042371083573 -0.00028226353156 0.000120302182349 -0.000184326180122 -0.00058259714322 -5.07230515223e-05 -5.67899437147e-05 6.25647805849e-06 -0.000102875356716 -3.78659071791e-05 -0.000176486742359 9.16768111356e-05 7.32152567641e-06 5.6519922069e-07 5.81561522767e-08 -7.4039332996e-07 -2.0329640398e-07 3.0793224762e-09 9.76285397185e-09 8.43886978674e-12 -4.8437934615e-08 6.7487880202e-10 -4.09987807672e-07 -3.43047282984e-07 -1.18699533543e-09 -7.92979802149e-09 -7.01820879732e-08 1.6275532017e-07 2.49768694354e-09 -6.28784446401e-08 7.88208376819e-08 -9.05335810569e-09 
-0.00425883208716 -0.0154329245518 0.0506778951786 -0.0244919845708 -0.00294781582645 0.0401406242202 -0.00278522976855 -0.0536645882163 -0.00560943486253 -0.00682185116908 -0.0013623021712 0.0300172151145 -0.00205706858505 0.000523343524046 0.00194937164274 -9.47568552119e-05 -0.112946227677 0.00906357960179 0.0236411005803 0.0757244464452 0.173562494043 -0.368655665906 0.0831979112734 -0.0129505073116 -0.0205802596168 -0.866846370343 0.000150305509746 0.00773781159617 0.0341682179208 -0.130133593252 -0.0246832363758 -0.0166795674638 0.0420228026487 0.0368200398295 -0.14458487281 0.0194765754503 0.0590002902739 0.00418294981852 0.00391246006022 0.0023362597488 0.00104062682589 -0.0011986296159 0.00115572654248 1.56008513519e-05 0.00113469563044 0.000248730472653 -9.29794507597e-05 1.17635047285e-05 -3.75214834352e-05 0.000159678757328 8.55358383272e-05 0.000231988661163 -0.000120077029551 -1.04449566076e-05 -1.16183539574e-06 -2.04017648751e-07 3.44423492025e-06 1.34533222014e-06 -3.02858604605e-08 -6.77908168254e-08 -1.79393658844e-09 1.17083794448e-07 -2.47055077281e-09 2.8551986488e-06 2.29337256768e-06 1.03905936975e-08 5.50194267963e-08 4.737155112e-07 -1.14016902338e-06 -2.51498863645e-08 4.3499205526e-07 -5.31896175515e-07 6.01700278227e-08 
-0.00691202171038 -0.00670216469864 0.0316367099254 -0.0084547896818 -0.000187674619863 0.0237219292025 -0.0046685926603 -0.0295618234374 -0.00279942287686 -0.0135462894147 -0.00452356978246 -0.00326644071831 -0.00328585443846 0.00062936601607 1.53907397047e-05 0.000736631095545 -0.215794864576 -0.00338075817736 0.619227227811 0.0146856415758 0.297377159109 -0.0746434107349 0.0870897546581 -0.0265716691492 -0.26278127088 0.243691461882 0.019633756905 -0.0875518260037 0.0214332343661 -0.567137214112 0.0119795551511 0.0720951440028 0.0169741685031 0.0133483388172 -0.00814707751235 0.00733042656289 -0.00690014510699 -0.00050724904534 0.00616595878261 -0.000230466170681 -0.000309783163544 0.000496679802777 -0.000271337324103 0.000266198362393 -7.53073718919e-05 -0.00114592564361 -0.000130701384189 -0.000114210425171 3.22210531634e-06 -0.000172881278937 -5.76122454362e-05 -0.000309675356338 0.000160973773593 1.26571360087e-05 8.81800998081e-07 7.23079970938e-08 -6.58895761643e-07 -6.7169884234e-08 -1.68246852039e-09 2.7351410033e-09 -4.91250979866e-10 -7.56905664409e-08 8.20744228778e-10 -1.12849548386e-07 -1.21670349361e-07 2.89053601221e-10 -2.2911102909e-09 -2.37705065584e-08 4.24453783189e-08 -2.44520715655e-09 -1.87307919421e-08 2.70405134458e-08 -3.47880221774e-09 
-0.000653045727988 -0.00608088091211 0.0174685514842 -0.00983605091208 -0.00102288872729 0.0132137226034 0.00195981512731 -0.0194328935619 -0.00228514466814 -0.00354274456563 -0.00102365991241 0.0535304062775 0.00455857110184 -0.000145842437071 0.00314406889096 -0.00129067211459 0.0297137671789 0.020629971764 0.172663132503 0.103093416327 -0.162376729592 0.864110506984 0.0284972884539 0.108250815984 0.044236777264 -0.34372356405 -0.0357652327013 -0.0238142322677 0.000198795463145 -0.176724971965 -0.0626376901796 0.0418587075009 -0.00884225306157 0.0474067152286 -0.0834049968196 -0.00430359592651 -0.0243051783611 -0.00144261948345 0.00133226902474 -0.000942641888323 -0.000513842827079 0.000661511455735 -0.000537087752449 0.000113278106296 -0.00043989601468 -0.000607753130915 -2.59456976923e-05 -5.60166616759e-05 1.48367861725e-05 -0.000135155713974 -5.64472658855e-05 -0.000222572912449 0.000115513565643 9.43730409488e-06 8.12459167331e-07 1.04939521345e-07 -1.52432448978e-06 -5.10691624706e-07 1.00596243957e-08 2.53961266901e-08 4.22107865684e-10 -7.53553304291e-08 1.24513571394e-09 -1.06854528811e-06 -8.72035258825e-07 -3.57968305798e-09 -2.06370159306e-08 -1.7950481036e-07 4.2558874323e-07 7.9865432732e-09 -1.63411425681e-07 2.01673703382e-07 -2.29883082009e-08 
-8.93609832231e-05 -0.000766903235809 0.00233651970276 -0.00129718027251 -0.000225948468518 0.00203839910409 -0.000640403241691 -0.00254243392412 -0.000401631696075 -0.00114114216303 -0.000640919852465 -0.00720395808998 -0.000491581935465 0.000132089791086 -0.000375120520365 0.000155069142823 0.000497864269178 -0.00211028396185 0.00771557213371 -0.0184715004923 -0.0755710625872 -0.117029025664 -0.122297472934 0.911166543854 -0.0736285743312 0.00658867743049 0.109929718862 0.0218787882107 0.0270983883196 -0.0544268665556 0.111909068257 -0.0665186589781 -0.308301104123 -0.0119928722467 -0.0300423928214 -0.00953363243754 -1.45307731001e-05 -0.00530307012359 -0.00647639473962 0.000149639029737 0.000528471013883 -0.00098468534131 0.00046082702066 -0.00029987607314 0.000310561644022 0.00142858302087 0.000140026393749 0.000142556549622 -8.49246652644e-06 0.000209491197131 6.75773501003e-05 0.000351248933988 -0.000182562726847 -1.40996158557e-05 -1.05886658296e-06 -8.15112211525e-08 7.08715211355e-07 1.93421638195e-07 -8.08638594611e-10 -3.9442977976e-09 2.08172648595e-10 3.99367487518e-08 -5.1769698399e-10 1.58752919169e-07 1.41264537913e-07 3.88717519083e-10 2.82387935218e-09 2.77325167081e-08 -6.41730258274e-08 -4.42906198791e-09 2.16153007777e-08 -2.97227041625e-08 2.9576130927e-09 
-7.58619708144e-05 -0.00057484844914 0.0015361639731 -0.000863790180188 -5.97887975027e-05 0.00111865429364 -9.46854185849e-06 -0.0017055078889 -0.000709416521282 -0.00326773237983 -0.00163997079245 0.00270727240886 0.00127517916655 -6.82326666743e-05 0.000279038346776 -0.00014201881898 0.0234865502893 0.0016223909074 0.00159125527942 0.00239375538173 0.0108363253442 0.0162123049728 0.0205449707437 -0.154994490394 0.0511342907351 -0.0484293643677 0.787567085671 -0.327057355919 -0.338690815249 0.0400246104061 0.0155650256738 0.166761688276 -0.291628958419 -0.0433890812126 -0.0266197071708 -0.0560639056989 -0.0838650738828 -0.0131818865832 -0.00295641229897 -0.00526604068349 -0.000341902474611 0.000303783173274 -0.000113221395313 6.1608329582e-05 0.000697011778961 -0.00087549871728 -0.000185137314498 -9.15334609199e-05 -5.30443110312e-06 -0.000289710628381 -0.000136027218743 -0.000654267321232 0.000339872636785 2.94048771444e-05 1.80610492314e-06 2.62187986287e-07 -4.05522724101e-06 -2.94947541718e-07 1.48319509907e-09 5.23861494251e-08 -1.8955389896e-09 -5.50829005748e-07 6.31980358076e-09 -2.2389047982e-06 -2.00494737385e-06 -2.556972448e-09 -4.60857120819e-08 -4.11414899579e-07 8.61881453966e-07 -3.76210585648e-08 -3.75911389351e-07 4.76188129364e-07 -6.11329255659e-08 
3.8767313845e-05 0.000372855325957 -0.00113588867082 0.000634239342768 9.37007861951e-05 -0.000933689486009 2.25780204979e-05 0.00125117972627 2.01061532763e-05 -0.000355245178811 -0.000254002435409 -0.00106409899426 -0.000181367729589 8.49788423741e-06 -8.79188951941e-05 1.29396153819e-05 -0.00394749567224 -0.000487765248463 -0.00323501814779 0.00208802511696 -0.0200790881301 0.0319265469707 0.00853363199342 -0.13675570186 0.0178995565387 0.0305549001288 0.134906636358 -0.0945669049302 0.184529356367 -0.103356674641 -0.126829176625 -0.913657942485 -0.176056200794 -0.0361606861667 -0.0956783165853 -0.0957472580269 -0.0167311702388 -0.0291821570777 -0.0617265167194 -0.00139107319258 0.00322279165 -0.00641558695754 0.00285542595613 -0.00260739947179 0.00157892890403 0.0113042979712 0.00119464176332 0.00112408725496 -4.88662142308e-05 0.00152900624108 0.0004870679375 0.00258519301322 -0.00134401070294 -0.0001025286384 -7.581069995e-06 -5.89364227143e-07 2.64412901635e-06 5.06313623357e-07 1.82878539771e-08 2.63691726177e-08 3.24183675975e-09 2.04500730745e-07 -2.0160862333e-09 -1.17878920727e-06 -8.41061772944e-07 -5.5243150082e-09 -2.46095815449e-08 -1.84850738154e-07 4.64330862554e-07 -1.3258246438e-08 -2.00107737261e-07 2.18667045768e-07 -2.8020285466e-08 
0.000135588475447 0.00131791097088 -0.00410781565371 0.00228609579599 0.000384293879578 -0.00349313323872 0.000446792027975 0.00450194903985 3.73537837904e-06 -0.00174313729418 -0.000995292973633 0.00269695492337 0.000937263632241 -0.000107960946399 0.000163305101117 -3.98405003036e-05 0.0114663327104 0.00108595850539 -0.00115735048999 -0.00197900124906 0.0309095027026 0.0366842798143 0.00280338035352 0.0846401611629 0.00948558478638 0.0422678475938 0.503728390179 0.107363738599 0.715573738563 0.069775962833 -0.108721939911 0.117594757393 0.400162146714 -0.000223395034646 -0.0570368080336 0.107789830125 0.0597556764208 0.0124122030161 0.0426506277454 0.00331862788676 -0.00112554872663 0.00265687346682 -0.00104641912121 0.00162132769898 -0.000448083712811 -0.00623591091044 -0.000698041862347 -0.000615568588674 1.80696004116e-05 -0.000726265108958 -0.000223379973716 -0.0012139000403 0.000631379635026 4.66022059431e-05 3.45722103091e-06 2.70477824277e-07 1.20836672004e-06 4.34687197862e-07 -2.70043954912e-08 -6.26153281025e-08 -2.59748011118e-09 5.61545804341e-08 -1.32985958342e-09 2.68967977407e-06 2.13864719712e-06 9.31474359323e-09 5.33848588705e-08 4.47128116206e-07 -1.06527522596e-06 -1.77474453371e-09 4.26893815495e-07 -5.10362807174e-07 6.07895042491e-08 
-3.65495030333e-05 -0.000349171758154 0.00105932425189 -0.000591255118741 -8.49023723805e-05 0.000860440248983 -1.21614896109e-05 -0.0011677441139 -3.44830307693e-05 0.000316252993999 0.000196307442251 0.000947292234156 -0.000155835141782 4.17685075298e-06 4.84124354573e-05 -1.97242928631e-05 -0.00331976777952 0.00021436162678 -0.00149012115976 0.0048038054832 0.0104389109236 0.00383011883249 0.0284227410454 -0.245281832985 0.0461761118213 -0.0168118977835 -0.105858164966 0.202656918493 0.477841615128 -0.0150541628459 0.0642842847031 0.240577558644 -0.757290051474 -0.00478454633811 -0.00514106366564 -0.0833036865653 -0.0341505042835 -0.0448053935468 0.0975569538543 -0.00589245885361 0.000514030289369 -0.00199726674003 0.00131335188045 0.00377353597503 0.00739800424693 -0.0165773841081 -0.00282753299881 -0.00175377469532 -0.000209434903879 -0.00247097554682 -0.000679567182663 -0.00516374136379 0.00268623673015 0.000216453040179 1.12174193768e-05 2.40030319791e-07 -5.69052056759e-06 5.13087869034e-06 -1.67026294428e-07 -1.17867807983e-07 -2.06311547017e-08 -2.27989551156e-06 1.90705829786e-08 4.83929675514e-06 2.79688949686e-06 4.59761268043e-08 8.31671170653e-08 6.09979118282e-07 -2.05949951631e-06 -2.48283064273e-07 6.17582774016e-07 -6.42366362785e-07 4.59521960945e-08 
0.000127185994251 0.00114624532772 -0.00339700856664 0.00189914600677 0.000254659799508 -0.00274732612437 0.000123805339375 0.00374493060131 0.000401390738636 0.000865990732112 0.000236388492705 -0.00295847945358 -0.00135892074789 5.71826579486e-05 -0.000330003082937 0.000161301981994 -0.0285058190493 -0.00187602349147 -0.00246171756926 0.00118896394727 -0.0209451748049 0.0256499377612 -0.00404199656537 -0.0192534775696 -0.00166466559583 0.0970070643314 -0.0433359515531 -0.0263361727461 -0.0564601394641 0.0333290363982 -3.48155332177e-06 0.0710146377378 -0.0229286495824 -0.471773352491 -0.591432619516 -0.0986071559083 0.620585659733 0.0541310129648 0.00756154147965 0.00635081527143 0.0308085766106 -0.0185844162611 0.0480713634539 -0.000623190021185 0.0432615480047 0.00606399302042 -0.00404453501164 0.000454672195796 -0.000826452511204 0.00347385890524 0.000121322208638 0.00236731726495 -0.00121858732229 -0.000107973608375 -1.46805532543e-05 3.81470663861e-06 7.59252226299e-05 4.03404472229e-05 -1.05760460629e-06 -1.75849681937e-06 -1.02248193931e-07 -3.24910631532e-06 7.63625520797e-09 7.42090607168e-05 5.66255931755e-05 3.45105994073e-07 1.35716784489e-06 1.16130904686e-05 -3.04420428743e-05 -2.15292116381e-06 1.04156653478e-05 -1.26200188113e-05 1.24978868961e-06 
-4.63007276461e-05 -0.000440561114299 0.00135558445845 -0.000754967263447 -0.000119372719516 0.00113211824151 -0.000130976857249 -0.00148772738798 -4.42944757811e-05 0.000312466240019 0.000171145912918 -0.000700695284673 -0.000465095478488 4.03936416461e-05 -6.03743951372e-05 4.42015970021e-05 -0.00762072018855 -0.000408768362857 -0.00016582995228 -7.63573065288e-05 0.00104486078148 -0.0307795848506 -0.00385684080274 0.0297059585503 -0.00768171846585 -0.0127576249607 -0.0677818433877 0.0192791602332 0.0561078586583 0.00804178252825 -0.00655907231801 0.0709661366916 0.122639226063 -0.504523187363 -0.269126156034 -0.350599280915 -0.706135518861 0.0748367828708 -0.085927383826 -0.0575876647559 0.0184344631815 0.0244288232335 0.0509056237839 9.86759903676e-05 0.0343567799731 -0.00215136131852 -0.00411170120998 0.000139172487152 0.000138851138104 0.00139178173709 -0.00328551865553 -0.00215624278415 0.00112482842294 7.88680158206e-05 1.48090672604e-05 1.77859767735e-05 4.2112726499e-05 2.78898575806e-05 -9.63199386362e-07 -1.23956806007e-06 -1.33283816145e-07 -7.97987529391e-06 8.15989333667e-08 5.30047117115e-05 3.76355682693e-05 3.10418731279e-07 8.84085049784e-07 7.56269505644e-06 -2.27089881813e-05 -3.35235472371e-06 6.38096762632e-06 -7.6699064271e-06 5.32089504219e-07 
7.394050765e-05 0.0006283156832 -0.00175732194479 0.000990163487732 9.28716799446e-05 -0.00134671482327 -0.000184682584802 0.00195499094084 0.000402044007886 0.00160671699021 0.000464149027614 -0.00715869866202 -0.00373316515859 0.000219491304213 -0.00074782017128 0.000408443223584 -0.0724826028084 -0.00445203947989 -0.00515059807375 0.00317808191531 -0.0350863567974 -0.0414272562029 -0.011959403351 -0.0112559171195 -0.00412408399433 0.132795572424 -0.0369391790587 -0.0251357701402 -0.0309763371483 0.100643680096 -0.0117451696086 0.0365140300059 -0.00519367286707 0.640622922181 -0.706545074724 0.0427756641002 -0.212521427777 -0.0341512062135 0.00202580285773 0.000533190411215 -0.0150710270213 0.00474123867671 -0.0255820840751 0.000106960168554 -0.0217282225925 -0.00207930572689 0.00215036724943 -0.000207824574639 0.000312488737699 -0.00169861995821 0.000311672178794 -0.000958285483107 0.000492560598312 4.68608794071e-05 4.83250934281e-06 -3.70147340602e-06 -3.87178954223e-05 -2.0221060706e-05 5.57484363123e-07 9.09866091115e-07 5.74830513716e-08 2.02830684773e-06 -9.36391312128e-09 -3.85042023747e-05 -2.9200759922e-05 -1.8244313059e-07 -6.96849150193e-07 -5.97051514691e-06 1.58798918579e-05 1.27679845948e-06 -5.31204591062e-06 6.43936586909e-06 -6.18169875461e-07 
1.38407908961e-05 0.000124047037594 -0.000368347261331 0.000205775537161 2.80413452442e-05 -0.000298794633731 2.33181892647e-05 0.000405590670044 4.62037281463e-05 0.000117358644354 4.57993349974e-05 -0.000129233980488 -7.28040804124e-05 6.8003386983e-07 -1.87826589157e-05 4.14295283961e-06 -0.00169977018423 -0.000104095357086 -0.000361496250017 0.000721254691062 -0.00251471300832 0.00899099283196 0.0033447265511 -0.0376292672186 0.00624247207869 0.00861396549906 -0.0228569446271 0.00859299879989 -0.0340652986818 -0.00376228901706 0.0125700808582 -0.0595508182748 -0.120214422212 -0.24935261966 -0.126061354314 0.871161539109 -0.202410791819 0.308781221134 0.0260435912081 -0.00635835051472 -0.00308416253668 0.0606174054243 0.0209927010178 0.00449506352056 -0.00503520735205 -0.0151033745821 -0.00125488797253 -0.00077413114746 0.00118160615932 0.000958052367725 -0.0033904691577 0.00130002500552 -0.000677356047258 -0.000107627097353 1.78327127856e-05 1.86040058651e-05 5.36591845774e-05 5.9053738902e-06 -4.39517214574e-07 -1.06360496288e-06 -6.80173866005e-08 7.41910381144e-07 4.86476196484e-09 4.64836238736e-05 3.64276285985e-05 1.72095674842e-07 8.25125506008e-07 7.28607994209e-06 -1.94034469557e-05 -2.03160708827e-06 6.17192730102e-06 -7.68654727742e-06 6.95927694757e-07 
1.0297429225e-06 6.99021652824e-06 -1.73380042079e-05 9.78109496784e-06 2.07369563641e-07 -1.15752749066e-05 3.1581191696e-07 1.93237714682e-05 1.31069253305e-05 6.40755392377e-05 3.35849623362e-05 -3.04157576349e-05 -1.49794575868e-05 7.83064627599e-07 -3.16871562741e-06 1.53219708679e-06 -0.000259833337271 -1.837736039e-05 6.05094262758e-06 -5.81075285457e-05 -6.54088918297e-05 -0.000155138749913 -0.000461037780386 0.00427366178145 -0.00127474749016 0.00033150136187 -0.0175934657752 0.00518115522225 -0.0282994488533 0.00147592436839 0.000782292043498 -0.000402635690862 0.0256277743324 -0.179287762344 -0.0726420757655 0.246332220871 -0.0889026081342 -0.918208363963 0.0805388014015 0.190325183965 0.0194960524577 -0.00334540565773 -0.0693552903916 -0.00122880004974 0.0154400096108 0.0173217687203 0.00223136366355 0.00188236151394 0.00352374351808 0.010999297467 -0.00503721569219 0.0187985361982 -0.00994595210254 -0.000850757933961 2.00810465527e-06 3.88755656213e-05 6.99222962104e-05 -1.1400690354e-05 1.90125945603e-07 -6.26291060484e-07 1.49412542146e-06 4.17097443037e-06 -2.05617838414e-06 2.8763392785e-05 4.5098532179e-05 -3.07863603462e-07 4.28606070127e-07 7.48276592407e-06 -1.46845714917e-05 1.95576985126e-06 3.20434590277e-06 -1.00574454843e-05 5.04169468809e-07 
-4.08885722925e-06 -3.73473098659e-05 0.000111789119836 -6.24091454124e-05 -8.77022926584e-06 9.09984870592e-05 -5.37636296272e-06 -0.000123102540026 -1.08614637662e-05 -8.53201557699e-06 -5.3140398558e-07 5.48810141297e-05 7.74044875437e-06 2.21536151302e-08 5.1782853963e-06 -3.86972164663e-06 0.00020586255547 2.57807148475e-05 -8.72914238129e-05 0.000355507645586 -6.08029527686e-05 0.000710022241507 0.00215591452398 -0.0213051873887 0.00334988840276 -0.0018095969061 -0.00261283523122 0.0094819548015 0.0672829968329 -0.00139096334732 0.00795937699573 0.0837800812065 -0.0561373973107 0.0153310688522 0.00859145797333 0.0643531915944 0.0519166871027 -0.0506204866835 -0.951086860421 0.0838174463699 -0.00680487608143 0.0649477373386 -0.0834552223293 -0.0464740666934 -0.0825324528263 0.183530905278 0.0338558787949 0.0155392168435 0.00686684331417 0.0364193446885 -0.000494201449908 0.0723819289959 -0.0383977569857 -0.00279116419719 -8.9408406712e-05 4.73973895848e-05 4.98407087394e-05 -0.000100995714416 3.78817504855e-06 2.42448359581e-06 6.53850063378e-06 2.69307764782e-05 -8.57183230347e-06 -0.000100038140625 2.08890256296e-05 -2.21003082185e-06 -2.30422322455e-06 -3.25378427992e-06 2.80601247547e-05 1.32483934234e-05 -1.83169946905e-05 -3.97540657786e-06 -1.83855485941e-06 
-7.48235154897e-08 -4.39498774274e-07 1.0194539411e-06 -5.71214236332e-07 8.44344721136e-09 6.21530183286e-07 -3.33443034758e-07 -1.12656587783e-06 -1.23812268035e-06 -6.26163040246e-06 -3.67681116668e-06 -4.57709451011e-06 -2.29955969476e-06 1.61648872964e-07 -4.47436316521e-07 3.0543968582e-07 -4.72886867905e-05 -2.72192584183e-06 -4.00030749967e-06 4.07070709604e-06 -2.07625485239e-05 -7.75460730305e-05 3.1863987504e-06 -0.000122737182898 9.91174170302e-05 8.37813897691e-05 0.00219620830959 -0.00122199854686 0.00182005195783 -0.000319030860326 -0.000493730542531 -0.00327801179974 -0.00138401507449 0.00776016276594 0.00229685086964 -0.0691890636983 -0.0365314734666 0.194843767405 0.0716035489938 0.970375132726 0.0728280321327 0.00294896507395 -0.013564779662 -0.00326885255318 0.0512755820432 0.0270851059464 -0.00125899908467 0.000742877922779 -0.000294171199545 0.00702798756779 0.00170533170012 0.010752163363 -0.005527868871 -0.000501203623256 -3.79904019262e-05 1.46186278762e-06 0.000151988731762 4.99052434877e-05 -1.38356979704e-06 -2.96083969905e-06 -5.46872866711e-07 4.64175689757e-06 5.18742454718e-07 0.000125584450991 9.41598126107e-05 5.71241800729e-07 2.43464352927e-06 1.9909415493e-05 -4.94288446113e-05 -2.32027100529e-06 1.91786782426e-05 -2.16747876173e-05 2.58810754312e-06 
-2.36591554328e-07 -2.46514386734e-06 7.8062845902e-06 -4.34822078098e-06 -7.47458496486e-07 6.65671857014e-06 -3.18633080182e-07 -8.57423106943e-06 6.74580430337e-07 7.25058789195e-06 4.28634708662e-06 3.71673563013e-06 1.69907218038e-07 1.3229830713e-08 3.29732303807e-07 -3.09396132096e-07 1.18642576344e-05 1.58829714203e-06 -5.76142449573e-06 2.43733049683e-05 -3.68246901198e-06 7.27369357161e-05 0.000147335338689 -0.0014518878462 0.000152471353434 -0.000156293346783 -0.00254131519517 0.00134131865991 0.00331190850635 -0.000133240159906 0.000971666890919 0.00642816212342 -0.00253341417466 -0.0244082840459 -0.00924777682409 0.041971291015 -0.0368713100893 0.0434047310494 -0.0218282135771 -0.0163989992388 -0.0677952178479 -0.862533152638 -0.327138533525 -0.13608956833 0.200270584419 0.190375475116 -0.00979074458107 0.00109921551416 -0.0554354829887 -0.0931622776794 0.114924889311 -0.108090237697 0.0787175156004 -0.00989766714687 -0.0007079328513 -0.000606340458794 0.00214807816792 0.000913267366286 -5.89123340489e-05 -4.44794016796e-05 -0.000193612004255 0.000175024130518 0.000255597397376 0.00210305026704 -0.000998653796392 4.48424897536e-05 5.88753175671e-05 9.36316452312e-06 -0.000391427271424 -0.000273431407857 0.000494866007029 0.000178128594252 6.75539097914e-05 
-2.96013372502e-08 -1.23326583841e-07 1.62526776839e-07 -9.54771401985e-08 5.25028015726e-08 -1.38139544512e-08 -3.58235326113e-08 -1.89620675484e-07 -7.08681346515e-07 -3.80611597101e-06 -2.09193363664e-06 1.22839779951e-07 1.82502903964e-07 -5.1382637439e-09 2.15091256323e-08 1.31518955011e-08 1.35540323717e-06 1.31556771917e-07 -1.53032482965e-07 6.32327150646e-07 -3.78410185342e-07 -7.38982446812e-06 2.57878077295e-06 -2.42448909386e-05 3.86507815355e-05 1.02605675604e-05 0.00110129468598 -7.97946497277e-05 0.000127778993872 0.00019934416505 3.04178189064e-05 7.46220640572e-05 -0.000380492473853 0.0157919075535 0.00608510351583 0.00549324658399 0.000740105485139 -0.013935775352 0.00748394423477 -0.00430946609884 0.0981812761837 0.0537587235396 0.172067172881 -0.917576917033 0.029299198532 -0.10867692806 -0.0448920118822 -0.0240406778992 -0.0491854514569 0.0917165742107 -0.0479884061872 0.0941173971832 0.274077490981 0.0384898032672 -0.00282941938978 0.00349610332787 0.00870274230746 0.00565417199102 -0.000834329529504 -0.000540328296158 -0.00273476704034 -0.00612635397598 0.00333252636556 0.0212021767282 -0.0233190954429 0.000805207274253 0.000224946713561 -0.00351324867716 -0.00728537053447 -0.0123240714536 0.000585260183322 0.00876445177435 -0.000806610737207 
3.93201237785e-07 3.23726894712e-06 -9.19800569705e-06 5.14572226822e-06 5.66879509727e-07 -7.13953179204e-06 5.39478118331e-07 1.01528153715e-05 2.561450914e-06 9.82689111075e-06 5.10672617309e-06 -3.97526125196e-06 -7.14434009487e-07 -1.07563284433e-08 -3.94666581726e-07 2.36711982865e-07 -1.30437001221e-05 -1.95705258733e-06 7.2883408381e-06 -2.93477347656e-05 8.12896248282e-06 -3.65040722412e-05 -0.00016894492967 0.0016698774403 -0.000346189961331 0.000112336384346 -0.00240438953884 -0.000923169432684 -0.00417390101317 -0.000622315367359 -0.000904685256849 -0.00711845034375 0.00439975033504 -0.0417812208156 -0.0161745023929 -0.0403084523965 0.0141021409445 0.0568864351402 0.0768420731934 -0.0290258308631 -0.146868508133 0.408762426547 -0.83482457474 -0.0910416455579 0.163336634181 0.0490754648449 -0.00693518722063 -0.0105570641568 0.00870182153744 0.0420338704088 -0.0705450272357 -0.112948539824 0.199462856515 0.0569520315003 -0.000832347981091 0.00176395240824 -0.00499759957898 0.000833790652488 -0.000321478998292 -0.000122182526568 -0.00116493884311 -0.00404572649514 0.00139893593161 0.00332020988051 -0.0148735930957 0.000374634037283 -6.21364671916e-05 -0.00264800168395 -0.00136716119712 -0.00608833706678 -0.00117087403727 0.00530346838636 -0.000634355344293 
1.69855500205e-07 1.34231320742e-06 -3.72736249128e-06 2.0872224439e-06 2.01042986329e-07 -2.82876797936e-06 2.36255592162e-07 4.11873670993e-06 1.34685398897e-06 5.6721562168e-06 3.00658690688e-06 -1.51918030948e-06 -3.09200100094e-07 -5.69582928819e-09 -1.55061638773e-07 8.04755913657e-08 -4.67120122261e-06 -7.68164464725e-07 3.10558973074e-06 -1.20137472985e-05 3.81998257468e-06 -8.22194183758e-06 -6.89901909519e-05 0.000684958791961 -0.00015642717228 3.72184671969e-05 -0.00148451661166 -0.000286405088876 -0.00205546807476 -0.000324494597376 -0.00036271094903 -0.00288732575105 0.0022052905306 -0.0247656584134 -0.0095671083406 -0.0189625985599 -0.00286450270942 0.0303880000003 0.0733487555035 -0.00917897632095 -0.051629854217 0.0144042218473 -0.242721717991 -0.288843994816 -0.15208457182 -0.107179306106 0.00753513171271 0.0246708828989 0.00729418695808 -0.167935460982 0.162245724486 0.288637337304 -0.799741811945 -0.169750829762 0.00577758777685 -0.00639985499973 0.00191316223669 -0.00859713601992 0.00157457833174 0.000893715556156 0.00535783517857 0.0154755527566 -0.00651108017964 -0.0297856498359 0.0557437700957 -0.00179149336956 -0.000124534276784 0.00892157776795 0.0105817384502 0.0255527653745 0.00169674385748 -0.0202544527898 0.00214497561846 
-1.22648471893e-07 -8.38293565926e-07 2.11637475008e-06 -1.19019760638e-06 -4.23394143845e-08 1.44504807325e-06 -1.72614235941e-07 -2.34998435265e-06 -1.53350083647e-06 -7.42812909245e-06 -4.03448249759e-06 7.51024412022e-07 2.83985278895e-07 2.73677650672e-09 8.75851083604e-08 -1.48753670641e-08 2.26013152576e-06 4.44448642517e-07 -1.96083870601e-06 7.02390481774e-06 -3.0732465505e-06 -8.13007103606e-06 3.91646288121e-05 -0.000391911338424 0.000127323101574 -3.53750015326e-06 0.00209132089543 3.49913255906e-06 0.00155623701771 0.000390497192484 0.000212499598793 0.00158424518648 -0.00184733443844 0.0323570965902 0.0124714973458 0.0163989871049 0.00853832349141 -0.031949598373 -0.0750311532106 0.00582324883733 -0.105295590389 0.14355837985 0.198630148762 -0.1500125266 0.44118103465 0.0505136958571 -0.0429001491569 -0.069743969794 0.0757113592596 -0.181070227803 -0.0211786618046 -0.734065399179 -0.32762895192 0.0222194776049 0.00584702129216 -0.00823647367937 -0.0371900336119 -0.0141440803888 0.00191924367155 0.00129865419688 0.00618838216832 0.00982899434084 -0.00756257457017 -0.0573161928938 0.044611793326 -0.00151941487826 -0.000798232434543 0.00635681037435 0.0189885098375 0.0261547905236 -0.00403748989876 -0.0170262413112 0.00124274704651 
-2.74830012141e-08 -3.26184941821e-08 -2.06842165562e-07 1.08729670704e-07 1.12124196715e-07 -3.83634316194e-07 -4.39226587261e-08 2.12671223443e-07 -1.00850059759e-06 -5.61327409377e-06 -3.1154274296e-06 -3.0310988844e-07 1.0322915303e-07 1.04408385729e-09 -1.55126666167e-08 5.10688908075e-08 -1.43640609491e-06 -6.8469007143e-08 -4.6359017423e-08 -4.47625121037e-07 -1.33004787492e-06 -1.75989875245e-05 -5.49573269417e-06 5.12020622508e-05 4.46575751053e-05 2.67243759033e-05 0.00167518230748 -0.000204868832096 1.60102454908e-05 0.000271133021588 1.52643435612e-05 -0.000436010517936 -0.000357733205309 0.0237578224503 0.00914519877416 0.00526223227231 -0.00553075515449 0.0118663141276 0.0277472192275 -0.0284384741334 -0.0836647464956 -0.0416166586563 0.0423298588819 0.0261519724008 0.367494965715 0.100402430541 -0.00929142257457 -0.20953098432 0.225963630661 0.820942262172 0.0520284133463 0.167574718646 -0.200098076202 -0.00727124669673 -0.0111829369566 -0.0111258823314 -0.00615943435977 0.00477997146298 0.000485203751271 -0.000460624440887 0.00204011231674 -0.000622406767641 -0.002204609318 -0.00836475149669 0.025010804031 0.00121783062259 7.48195282802e-05 0.00785898215092 0.00381602017128 0.0128199362518 0.00156976321392 -0.0096771631765 0.00114584100236 
-1.05240434343e-07 -5.18256061185e-07 9.34695448272e-07 -5.35374089597e-07 1.20749858347e-07 3.24980671016e-07 -1.59367533832e-07 -1.05962855617e-06 -2.17690852992e-06 -1.14864814715e-05 -6.3298952705e-06 -6.13393081878e-08 2.45763605562e-07 6.06267258281e-09 2.00674350093e-08 6.34356797419e-08 -1.52036953571e-06 1.06094240668e-07 -1.23430028778e-06 3.42461008662e-06 -3.83480543695e-06 -2.8757982876e-05 1.48782728743e-05 -0.000155600524542 0.00013053935828 3.41008037673e-05 0.00336735973158 -0.00028573899359 0.000936624702256 0.000555589628803 0.000116848805094 0.000278917798087 -0.00154088201807 0.0491299425897 0.0189185322767 0.0136842851888 -0.000466962701088 -0.00262096235923 -0.00415194135927 -0.0549691240126 0.21730773944 0.133350365786 0.0737311126561 0.0633660727598 0.621442850254 0.181322803392 -0.130908732532 0.445125276773 -0.111356682184 -0.201898485246 0.0607673615908 0.352073951662 0.0565816328152 -0.311538828471 -0.00172686623369 0.00250460431548 0.0485946095035 0.010791098467 -0.000821822591604 -0.000683587295884 -0.00231464834533 0.00556659306103 0.00284185320412 0.0375185069521 -0.00125907554197 0.00161348613768 0.0011642670466 0.00280932698685 -0.00825677843313 -0.00127514026641 0.00912348774645 -0.00133325629968 0.00147426491518 
-4.85113965493e-08 -2.23341170459e-07 3.62379878271e-07 -2.09066571264e-07 6.79642918558e-08 7.85530337603e-08 -7.27874835872e-08 -4.14185033345e-07 -1.0701138388e-06 -5.69098481458e-06 -3.13840515658e-06 -5.00465295358e-08 1.30255958436e-07 2.00002726696e-09 8.27380793099e-09 3.30406584598e-08 -6.4691391961e-07 4.73998248541e-08 -4.91129892119e-07 1.35556296354e-06 -1.73883547103e-06 -1.40911868306e-05 5.17043338402e-06 -5.42782923033e-05 6.13635530376e-05 1.7845030116e-05 0.00167109608904 -0.00013169989256 0.000294108783523 0.000288568653672 8.76220386339e-05 2.73445929134e-05 -0.000626419069538 0.0247567139651 0.00954426463059 0.00904529579343 -0.00678337816631 0.0154834979375 0.0160881151502 -0.0739336791336 0.833604407344 -0.0148472408783 -0.134661800262 0.0230692743927 0.0533514726441 0.0918442381728 0.110672557171 -0.0969918296928 -0.0409883078678 0.0137906620394 -0.103709511625 -0.0340925384591 -0.175944339761 0.446240733216 0.00899537262901 0.00890631793072 -0.0375639557165 -0.0105895149279 0.000352497816408 0.000738476348756 0.00105214054388 -0.00797367052007 -0.00183125780307 -0.0199017447122 -0.00549099674913 -0.00207155093869 -0.00121006051166 -0.00749600864067 -0.00239530963566 -0.0124801991743 -0.0113862252287 0.0080206086527 -0.00292412406067 
-2.34497095087e-08 -8.02348497766e-08 5.3213438993e-08 -3.38711237524e-08 5.4726463229e-08 -8.88464233895e-08 -3.45257176836e-08 -6.79232396342e-08 -6.36059240987e-07 -3.45687991005e-06 -1.91060023253e-06 -7.40056642904e-08 8.8217371526e-08 -1.13246200434e-10 1.22372994279e-09 2.39407428219e-08 -3.09271484362e-07 1.38783235669e-08 -2.04701715466e-07 3.33433430091e-07 -8.04904867396e-07 -1.02045728379e-05 9.33137920328e-07 -1.18037206621e-05 3.29599008953e-05 1.36602437113e-05 0.00102354653964 -0.000125028010084 0.000335283483489 0.00017458498242 1.81229776092e-05 1.3516802324e-06 -0.000473196399161 0.0150298412698 0.00578471103126 0.00497441917554 0.00305183787469 -0.0082592839479 -0.0337135546949 0.000302430124884 -0.144409160864 0.0483574988607 0.0644515313829 0.0551085722219 0.31164680729 -0.0205641858107 0.093027123737 -0.753651399272 -0.0786178073055 -0.376296433968 -0.0113765125803 0.352417404267 0.0620560813891 0.116604528503 0.00698899212679 0.00444948035102 -0.0266265063015 -0.0116198778344 -0.00031552911828 0.000636598762046 -0.00251779347651 -0.00597124376571 0.00353651241794 -0.0122064253519 -0.0495487649591 -0.00402173053722 -0.00091069295785 -0.0130968245519 0.00329973893797 -0.0165133739181 -0.00646761140502 0.0167487088368 -0.00218294760583 
-3.57033381084e-09 -1.83577724675e-08 3.51563034299e-08 -2.00577460335e-08 3.46631241299e-09 1.46315285055e-08 -5.59670010635e-09 -3.96770011472e-08 -7.05210306079e-08 -3.69835740763e-07 -2.03845423192e-07 -4.21440622186e-09 5.96720905369e-09 3.46283313722e-10 4.20230178564e-10 2.27148247409e-09 -8.28490751444e-08 1.78665695909e-09 -6.87847197066e-08 1.44205786805e-07 -1.3580893675e-07 -1.35614266674e-06 9.05962984224e-07 -9.80557679119e-06 4.39032316184e-06 1.34218011394e-06 0.000111273453772 -1.81640788429e-05 0.000134956602297 2.52296635746e-05 1.58998203097e-05 6.4536311107e-05 -0.000116417368781 0.00200660167221 0.000774107471751 0.00200556766067 0.000510246786708 0.000610348106874 -0.0208836940072 -0.0187876751403 0.386459036992 0.0160797383683 -0.0898713925583 0.0187001461889 -0.10740572415 -0.0712716015555 0.0591937787395 -0.371430578612 -0.0330285313479 0.0705759352917 0.115744432907 -0.218540053375 0.10672400036 -0.752757472416 -0.0132470117907 -0.00142325868321 0.132900106817 0.0386350359879 -0.00095302585525 -0.00222731655659 0.000123087123044 0.0207405199008 -0.00105726112543 0.0879410188706 0.0817343765513 0.0101233818802 0.00367660139637 0.0270537137496 -0.0204647048931 0.0254611184439 0.0272726074745 -0.0306726164598 0.00632066079165 
3.24916751147e-08 2.73185949794e-07 -7.86809479588e-07 4.39739295764e-07 5.22162140995e-08 -6.18690419068e-07 5.37819388018e-08 8.6748390292e-07 1.87096323287e-07 6.63360133129e-07 3.48908848864e-07 -1.45793625258e-07 4.51658546462e-08 -7.47853433593e-09 -1.38508736529e-08 9.02796991362e-09 8.18434952223e-07 -4.71448435373e-08 8.35409019401e-07 -2.60234356429e-06 1.38173973674e-06 8.05215821865e-07 -1.53603792917e-05 0.000157463561064 -2.8666984102e-05 6.16005875622e-06 -0.000179026342002 -1.10870427709e-05 -0.00082887880698 -4.59142081977e-05 -7.35887648106e-05 -0.000743603112114 0.000652381395431 -0.00370109103929 -0.00140940130421 -0.00470869400981 -0.00450510987045 0.00986030984844 0.0773251643821 -0.0144329319581 0.040881788449 0.0122487713606 0.0265294136553 -0.0803178232202 -0.0587175357276 0.298506000305 0.399274617877 0.0532225280237 0.782074142638 -0.194066909685 -0.0393856887192 0.066914030943 0.0912259144182 -0.119349120085 0.00389168466035 -0.0251930107539 -0.13422768404 -0.0413353436169 0.00126667416305 0.00219212328112 -0.000298382783816 -0.00373654500595 0.00345882489639 -0.122994461373 -0.104739791671 -0.0129304466211 -0.00129252219165 -0.0142407693472 0.0651000447393 0.0268633026821 -0.00406602068322 0.0108694250094 0.00195416566796 
-7.85044139488e-08 -6.57348291787e-07 1.8891228627e-06 -1.05590638025e-06 -1.24020068928e-07 1.48244092104e-06 -1.29826055513e-07 -2.08303688155e-06 -4.63651442631e-07 -1.67173024807e-06 -8.81404942569e-07 3.48497210823e-07 -1.06155981482e-07 1.79298103947e-08 3.32988642821e-08 -2.1147399645e-08 -1.96772200671e-06 1.13664877358e-07 -2.00524714928e-06 6.24922005142e-06 -3.33361158824e-06 -2.10609501992e-06 3.68268104699e-05 -0.000377504563962 6.9591646218e-05 -1.45042137712e-05 0.000454321409656 2.41915060381e-05 0.00198100764963 0.000115736949273 0.000198061005364 0.00175893633671 -0.00157985556326 0.0094250368522 0.00359335658885 0.0129784001033 0.00865456275441 -0.0126425411626 -0.1838838369 0.0222734719264 0.092096628962 -0.132830197668 -0.102640439007 0.0880081732344 0.221898740319 -0.858808420974 -0.0114646403711 0.102905439598 0.326022725049 -0.0347226909564 -0.010485902881 0.0226932768733 0.060131804003 0.0186635909354 0.00164597328784 -0.0104979834559 -0.0647015623503 -0.0188327162748 0.000537325643558 0.000982482260591 -0.000246020331785 -0.00382004877521 0.00163634830203 -0.0553605763901 -0.0493944275887 -0.0058956465191 -0.000770444404356 -0.00765850772489 0.0276439649129 0.00872066980133 -0.00356976027943 0.00692639638071 0.000316685113334 
2.0079501075e-11 1.21634925922e-10 -2.76679670096e-10 1.56510793249e-10 -6.04057631262e-12 -1.62968187691e-10 2.23374821389e-11 3.09345846463e-10 3.18403724988e-10 1.61777687259e-09 8.80126480266e-10 -2.02367375649e-10 -1.03291118734e-10 3.18967815369e-12 -2.22414196049e-11 1.47692613022e-11 -1.12964382374e-09 -1.26980646115e-10 -1.62286974621e-09 4.705343758e-10 6.34657735435e-10 -3.19919848418e-08 2.24405692353e-08 -2.63842920305e-07 -1.13998579739e-09 2.07274438e-08 -2.47391491885e-07 -9.79379502101e-07 8.02535913644e-06 -6.77853764084e-07 -1.22078426169e-05 3.07882616923e-06 -6.32236943365e-06 8.90745139186e-06 5.14534837492e-06 -0.000779322680117 0.00145446838378 -0.00663592701191 -0.00177680111732 -0.000542826687457 0.0324764404875 0.0830427959448 0.0126181868291 0.00218233429085 -0.0184704578941 0.0164096719147 -0.100100499394 -0.0156634522902 0.126909603993 -0.0521548987996 0.628125470871 -0.0102691237223 0.109772787246 0.222462912517 -0.0569609200724 -0.094716264861 0.125790552083 0.0747276338421 -0.00483171220011 -0.0149096377666 -0.00330197904399 0.00743740929763 0.00836223975992 0.190958803733 0.114048483905 -0.015595100304 0.0376410852314 0.183451003088 0.191784041921 0.44943886516 0.279288694299 -0.252467500433 0.0814614963885 
-4.11656416942e-12 -2.83760227982e-11 7.18793564289e-11 -4.04337445511e-11 -1.48970504549e-12 4.91890484458e-11 -4.80134284271e-12 -7.98525018849e-11 -5.05354388254e-11 -2.44015104281e-10 -1.31713470617e-10 4.47697924349e-11 1.66505658192e-11 -4.28479375529e-13 4.62375607606e-12 -3.69400695532e-12 2.05092134362e-10 2.5411454364e-11 2.84152624211e-10 -3.34835321876e-11 -1.44642285157e-10 6.45016988211e-09 -3.9705986099e-09 4.70429550817e-08 2.63512448324e-09 -4.7858210457e-09 -1.94835620894e-08 1.15936258063e-07 -1.56009895684e-06 4.69017579362e-07 1.37287560011e-05 -1.31688527878e-06 9.34468873547e-07 -9.80791776414e-06 -6.00877770157e-06 0.000917646924909 -0.00144829948298 0.00740610497022 0.000782351436453 0.000497127683432 -0.0304492313191 -0.0935734954333 -0.0171513923985 -0.00185787863023 -0.00293251752036 0.0213903090575 -0.162578252698 -0.0243718105791 0.128997156536 -0.0485316705013 -0.694041347753 0.0586259011629 -0.0878077871516 -0.0366046320289 -0.0351905806928 0.0739020160315 0.261083999479 0.100765468916 -0.00954614258216 -0.011307268097 -0.013453623087 0.0207095908643 0.00337241541875 0.309515153309 0.0588459269857 0.0850134850696 0.0401480983817 0.162779963161 0.112563860754 0.333042931314 0.254089556213 -0.18993002984 0.0679111181734 
-2.21375683009e-12 -1.57260818029e-11 4.07832252222e-11 -2.29087959199e-11 -1.21191640391e-12 2.87269298765e-11 -2.97276770375e-12 -4.52291173498e-11 -2.51526049444e-11 -1.19093514439e-10 -6.43956247694e-11 1.73619788612e-11 5.27655282799e-12 1.1773263516e-14 1.84067033086e-12 -1.35240975082e-12 5.07219485665e-11 9.56112500894e-12 6.08829557001e-11 4.29198402745e-11 -8.66748038634e-11 2.26431001134e-09 -1.02542379469e-09 1.23782860603e-08 4.88807368818e-10 -1.88262300852e-09 -6.25774758952e-08 7.23587295676e-08 -5.004989335e-07 -9.23322126839e-08 -1.96101781329e-07 1.84239477646e-07 6.36765692732e-07 -1.44704416928e-05 -5.88350670886e-06 -2.28541060683e-05 5.99187068768e-06 -8.2654423815e-05 -1.64481358497e-05 0.00319379909253 -0.0596219307916 -0.00698117431155 0.0137549370152 -0.00621314354709 0.077605422395 -0.0891049748145 0.617272409403 0.100223947552 -0.39794748339 0.113479625525 -0.0988469107622 -0.0217629924216 -0.0206248086691 -0.0913237200034 0.0973306288426 -0.0222006946832 -0.220578216611 -0.0494967519406 -0.00271653252467 -0.000274577208727 -0.00493216303083 0.00272896965312 0.0200075315723 -0.147022382604 -0.250905517554 -0.112038889431 0.0248286104257 0.0512228030789 0.277263400311 0.335977294495 0.177697355461 -0.119946055704 0.057314610961 
-3.07606338327e-12 -2.94108542768e-11 8.86351036508e-11 -4.95783522064e-11 -6.94559832044e-12 7.21991701865e-11 2.03282656366e-12 -9.78875935325e-11 -2.96173011521e-12 2.29018617399e-11 2.12266808451e-11 1.65307165318e-10 5.72828726493e-11 -3.54518198933e-12 1.52036228334e-11 -1.87610820793e-11 1.11777812508e-09 8.89577489089e-11 1.50957591591e-09 -8.64316162037e-10 -1.39773377115e-11 2.9021980959e-08 -2.03863566897e-08 2.37127155518e-07 -1.81122281786e-08 -1.9912303929e-08 -9.14222547367e-08 9.04250824591e-07 -6.602592082e-06 3.71636573256e-07 2.73929500472e-06 -1.95109417816e-06 5.58114912934e-06 4.07711638834e-06 1.69490263992e-06 0.00015025131112 -0.000449534745326 0.00151652027536 0.00122043758763 -0.0024547326736 0.0383972959125 -0.0116180856274 -0.0125683556203 0.0066309134645 -0.0409997562239 0.0368869975267 -0.255969727035 -0.0459281821636 -0.000800502196729 -0.00711834406542 -0.0964392663217 0.048733468292 0.0655989035149 -0.0457755327973 0.0180865615316 0.0124405611988 -0.293062310889 0.221995496317 -0.0881091266368 0.0875270778439 0.11596729656 0.395475314269 -0.179096397577 -0.520668362611 0.31584083969 -0.0132343437984 -0.0243430424573 -0.288551935304 0.0750258946199 0.209006220403 0.0244486217933 -0.219800041193 0.0572736548852 
4.10076821508e-12 3.92724209309e-11 -1.18417719222e-10 6.62379595268e-11 9.2958979679e-12 -9.64981531761e-11 -2.83694403673e-12 1.30781514998e-10 3.68111415717e-12 -3.2084039598e-11 -2.92814835229e-11 -2.23091194183e-10 -7.74873062266e-11 4.8031027288e-12 -2.05192909268e-11 2.53466397315e-11 -1.51199753172e-09 -1.20119968644e-10 -2.04043049577e-09 1.1728329282e-09 1.64450614955e-11 -3.92424014518e-08 2.75792449982e-08 -3.20738264843e-07 2.48627600514e-08 2.69067942181e-08 1.29084515947e-07 -1.23259695346e-06 8.92088479025e-06 -3.9805806299e-07 -9.08167533227e-07 2.49445950226e-06 -7.60734903967e-06 -4.5050002797e-06 -2.29360944844e-06 -1.41065957745e-05 0.000320560507726 -0.000551707698551 -0.00158303412338 0.00333943406427 -0.0563201585125 -0.0029702694639 0.0132176882562 -0.00920263850578 0.0608717791584 -0.0552676633289 0.382738506718 0.0677462532404 -0.0421561644228 -0.0106406263353 -0.0308506449302 0.025162391197 0.0305444383368 0.0505348853882 -0.0202214808233 0.00939319394434 0.055496469477 0.406638985044 -0.0808113537722 -0.0861466147586 -0.0819751281176 -0.34861224653 -0.149436045272 0.0275909604226 0.62669495258 0.00515121756459 0.0108713508539 0.119491412591 -0.0750333420481 -0.111308491058 -0.211977020335 -0.165479767168 0.00344567206816 
-2.81897497338e-12 -2.69518498205e-11 8.12130174466e-11 -4.54279888998e-11 -6.35891624534e-12 6.61430836754e-11 1.91328028019e-12 -8.96938858283e-11 -2.72106206504e-12 2.09331674845e-11 1.94692048963e-11 1.52513869633e-10 5.29676561543e-11 -3.28045141373e-12 1.40298195141e-11 -1.73229916871e-11 1.03311894317e-09 8.21207115174e-11 1.39411514625e-09 -8.0070475006e-10 -1.19633168729e-11 2.68214731921e-08 -1.88451733888e-08 2.19167138562e-07 -1.6991925926e-08 -1.83931824846e-08 -8.87223395259e-08 8.42447500751e-07 -6.09706657886e-06 2.69810593417e-07 5.67274661186e-07 -1.70151308504e-06 5.20377288863e-06 2.9461017516e-06 1.52100592783e-06 5.98351007039e-06 -0.000213765671828 0.000348286516457 0.00107931872264 -0.0022464582527 0.0378879037526 0.00229390310726 -0.00880501256817 0.00627728004783 -0.0408575484618 0.0370015943694 -0.256206968318 -0.0454139406896 0.0249188378849 -0.00182835501395 0.019870649178 -0.0223734407454 -0.0414855471998 -0.0504606371427 -0.00592129671735 -0.0269799170194 -0.190192382563 0.603053893123 -0.162280415713 -0.0693577018682 -0.170964684912 -0.366934725648 -0.0925913639543 -0.0290024067568 -0.498330256948 -0.0160213520282 0.0348560644089 -0.018905440077 0.217642248858 -0.0603465620926 -0.0862800367291 -0.0652202658354 0.063216105687 
-3.17746966037e-12 -3.03664670103e-11 9.14955439794e-11 -5.11788889562e-11 -7.16349754269e-12 7.45153247407e-11 2.10100216825e-12 -1.010478818e-10 -3.11912933674e-12 2.3301418599e-11 2.17295201585e-11 1.70751263396e-10 5.91964871075e-11 -3.66333207222e-12 1.57056375657e-11 -1.93808245536e-11 1.15487570061e-09 9.18996426063e-11 1.55938732781e-09 -8.93248174882e-10 -1.44328140147e-11 2.99870392444e-08 -2.10638765144e-08 2.45000921103e-07 -1.87779914039e-08 -2.05730156791e-08 -9.56122754772e-08 9.35973341432e-07 -6.82105138542e-06 3.72689109678e-07 2.54694986838e-06 -1.99082460965e-06 5.77937027278e-06 3.99439260788e-06 1.70411100096e-06 0.000135960394927 -0.000435425554008 0.00141519808243 0.00125363824553 -0.00251519643593 0.0396802278852 -0.0101714617344 -0.01251837626 0.00687517044024 -0.0423610348866 0.0380316764645 -0.263800320029 -0.0473414569253 -0.000808798092853 -0.00280616033111 -0.0826543290556 0.0250547012712 0.0290696773188 -0.0753252925984 -0.0139222471741 -0.0917237847045 -0.284684403076 -0.499663487969 0.131835672915 -0.126723774145 -0.155302634357 -0.592997859177 0.0465087422621 -0.158175916451 0.230128296135 0.00492952462154 0.031743502198 -0.0432659754878 0.245096554825 0.0951411052692 0.0128058658527 -0.0875194491002 -0.023109915127 
1.51950595431e-12 1.45347566679e-11 -4.3809577381e-11 2.4505096413e-11 3.43467643846e-12 -3.56898108986e-11 -1.01678740353e-12 4.83830189728e-11 1.43609856961e-12 -1.14695444726e-11 -1.05846497845e-11 -8.19291666242e-11 -2.84096118822e-11 1.75896188121e-12 -7.535422091e-12 9.30153098326e-12 -5.54366459422e-10 -4.40965613602e-11 -7.48527638506e-10 4.29040576798e-10 6.70699593955e-12 -1.43922729238e-08 1.01109339908e-08 -1.17601456969e-07 9.06617373506e-09 9.87212792028e-09 4.59142586772e-08 -4.49827937912e-07 3.27290506762e-06 -1.52897987838e-07 -4.35635757197e-07 9.44634608326e-07 -2.78202887343e-06 -1.86768647649e-06 -9.140155141e-07 -1.2332529949e-05 0.000128617864698 -0.000254315485376 -0.000563816132702 0.0010186243331 -0.0166323785961 7.33182799891e-05 0.00399368559929 -0.00289423084641 0.0148924101097 -0.011529411159 0.0793966690692 0.0150331125346 0.0281001833257 -0.00214967162106 0.00659733011032 -0.0140705961641 -0.0224397682328 0.0297252 -0.00690310115038 -0.000294700197054 0.251163761847 -0.00727535907854 0.00267604204996 -0.00624341704485 -0.120040308523 -0.101388832939 0.00931513087855 0.18717937347 0.007892646627 -0.465718983098 0.0355581831711 -0.768559415373 0.00885182536713 -0.0659897645498 0.171708203154 -0.151156820003 0.0409677062552 
-8.84211924731e-13 -8.47432204884e-12 2.55626512019e-11 -1.42982925472e-11 -2.01009622073e-12 2.08382943814e-11 6.04921993741e-13 -2.82306569167e-11 -7.66168580844e-13 7.08362546519e-12 6.39929949916e-12 4.79762868734e-11 1.66341888466e-11 -1.03098439108e-12 4.41150910526e-12 -5.44634217104e-12 3.24738018965e-10 2.58187738421e-11 4.38709386085e-10 -2.51508545089e-10 -3.67501964056e-12 8.42527092572e-09 -5.92227774449e-09 6.88851406306e-08 -5.24728401e-09 -5.779175273e-09 -2.5762887007e-08 2.61761826783e-07 -1.91810232964e-06 1.41461034208e-07 1.73744435387e-06 -5.81650080288e-07 1.61536906622e-06 1.40227853706e-06 4.4282160945e-07 0.000107039131023 -0.000227119383788 0.000948308938528 0.000398803573273 -0.000951255239317 0.0142571896113 -0.00909261564832 -0.00611038051921 0.0025374130599 -0.0186545834016 0.0191542218217 -0.133479875134 -0.0230295443178 0.0318102208384 -0.0103734679429 -0.0689224840642 0.0127964492174 0.00597060213021 -0.0200081663583 -0.0099539439039 0.00884041679665 -0.0835261331005 0.0259967490015 -0.00148834910071 -0.000309462521435 0.0974868247796 0.0416044262209 0.115953871674 -0.0431572549857 0.0465619082516 -0.863208311076 0.0295726226461 0.402162882908 -0.0650169964777 0.045868670588 -0.134513077255 0.068393026713 -0.0274502655312 
-9.73494145153e-15 -8.92345106225e-14 2.64379417697e-13 -1.47935337477e-13 -1.93728437363e-14 2.12294743152e-13 2.68096983566e-15 -2.92073017042e-13 -2.5601539229e-14 -2.29215679927e-14 1.05226614754e-14 4.38770892943e-13 1.50071615747e-13 -9.02023240314e-15 4.04912131124e-14 -4.92810473404e-14 2.89689190501e-12 2.35673632535e-13 3.90539804712e-12 -2.16040144675e-12 -1.08864673563e-13 7.6111957406e-11 -5.28876969359e-11 6.15685607595e-10 -3.96009374308e-11 -5.27323266906e-11 -2.85772286267e-10 2.29853336469e-09 -1.74386736549e-08 6.17592132586e-09 1.65345720056e-07 -6.43246484858e-09 1.3640019816e-08 1.13419508856e-08 -1.86456606658e-08 1.10214852715e-05 -1.73592670417e-05 8.92273109832e-05 8.93533466117e-06 -2.13482995604e-05 0.000154420428987 -0.00105179935916 -0.000333066751905 5.19270538223e-05 -0.000416360944522 0.000500943049738 -0.00354775371487 -0.000603460685458 0.000775019073822 -0.000970723410816 -0.00844765741883 0.000446348215014 -0.00149244789784 -0.00115201263621 -0.00065745888183 -0.00222180101926 0.0019344161606 0.0384731167461 -0.00433958540373 -0.0149604704052 0.0508491119536 -0.0534943185974 0.131980887485 0.0219915960313 0.00923572993022 -0.028153978971 -0.982482054046 -0.000963131794704 0.0658255364076 -0.0111975658536 0.0462862419877 -0.0433740623344 0.0139621919614 
6.61727652714e-16 6.069395406e-15 -1.79867982408e-14 1.00645676706e-14 1.31943878083e-15 -1.44464740874e-14 -1.85296328769e-16 1.98707749477e-14 1.72451404598e-15 1.46539753682e-15 -7.69580380962e-16 -2.98941061831e-14 -1.02238958392e-14 6.1482497949e-16 -2.75839108069e-15 3.35964830222e-15 -1.97392129584e-13 -1.60556808545e-14 -2.6623083703e-13 1.47252013967e-13 7.3828628358e-15 -5.18934414826e-12 3.60316799875e-12 -4.19510016457e-11 2.68760369579e-12 3.59599864974e-12 1.87772468458e-11 -1.57122895392e-10 1.19685245222e-09 -7.84994058734e-10 -2.19298432823e-08 4.74700211399e-10 -9.18152454655e-10 -1.76204218503e-09 2.43514968194e-09 -1.46732947782e-06 2.27566558783e-06 -1.18241628995e-05 -9.94249546534e-07 2.64884411322e-06 -1.76408758736e-05 0.000139999532039 4.38220565623e-05 -9.80273415583e-06 5.33205705196e-05 -6.61307867611e-05 0.000467626756908 7.65591572038e-05 -5.27397197705e-05 0.00138499404009 0.00119080769939 0.00139933799112 0.00398109459177 0.00586630653206 0.00335347536673 0.0102256258071 -0.0154179526212 -0.0453108098228 0.0117303705368 0.0510842250952 -0.927548275031 0.290468937583 -0.0762242826433 -0.0370674966575 0.0617582193459 -0.0503523867706 -0.0710170929194 0.132287567195 0.0409393099976 -0.0805422147194 0.0623970977584 0.0440287095943 0.000615607813322 
3.66392422681e-17 3.37332503878e-16 -1.00145361519e-15 5.60324269651e-16 7.40174502191e-17 -8.05559746816e-16 -1.05487544665e-17 1.10625807746e-15 9.00619756112e-17 4.8986530161e-17 -6.06587107644e-17 -1.66292574763e-15 -5.6605537077e-16 3.41079560831e-17 -1.53233808847e-16 1.57362953258e-16 -1.09444999912e-14 -8.91643166516e-16 -1.48914252871e-14 8.13573770273e-15 3.31797948807e-16 -2.28686320473e-13 2.02969854298e-13 -2.32570142393e-12 1.91755188887e-13 1.52974493918e-13 2.09170204569e-12 6.66777012607e-12 -2.27955367194e-11 3.69573484361e-09 1.08767640533e-07 -2.25850365225e-10 -1.50002007976e-10 9.14693047711e-09 -1.22571260986e-08 7.30442628834e-06 -1.11520624003e-05 5.84484854277e-05 2.31061332126e-06 6.80760788616e-06 -0.000283351800147 -0.000742011478987 -0.000127490265864 -6.88368310106e-06 0.000411340176362 -0.000480940749767 0.00332978981175 0.000516768891732 -0.00345625772057 -0.00172011835135 -0.00735877190668 0.00236663190104 0.000678961987805 0.00145672689639 -0.00241158968985 0.00634211064921 -0.0320383130516 0.217670690407 -0.0249137935923 0.0073915392434 -0.0799754230704 0.0282155233038 0.931475288203 -0.106464771609 0.140656128278 0.102494609189 0.127128775986 -0.0770958770029 0.0652303595001 -0.0106102010782 0.0425577417874 0.0776477506964 0.00248089514515 
-1.60849356919e-18 -1.47057027242e-17 4.35194281713e-17 -2.43524883536e-17 -3.17367287546e-18 3.49117155108e-17 4.18301039652e-19 -4.80798139292e-17 -4.3926397961e-18 -4.74645375066e-18 1.18425080409e-18 7.1931352235e-17 2.46365383711e-17 -1.47791566827e-18 6.64300236313e-18 1.68947429391e-16 4.7529032832e-16 3.86894449124e-17 6.83607091524e-16 -3.54374948955e-16 6.19347179108e-16 -3.44475119162e-13 -2.99332419735e-14 1.03464427179e-13 -2.45313754839e-13 2.74918941127e-13 -9.82073977089e-12 -8.99425626705e-11 5.51500091108e-10 -2.32371924414e-08 -6.83169532787e-07 1.62863120168e-09 6.11758130506e-10 -5.79303309005e-08 7.69276577079e-08 -4.58973368156e-05 6.99442588465e-05 -0.000368932658027 -3.47956808892e-05 0.000187177162799 -0.00253081805594 0.00411617589515 0.00186771607508 -0.000441803473538 0.00547510259563 -0.00673195574084 0.0471901738219 0.00772284834524 -0.0267728975432 0.00251126970536 0.0257358327358 -0.0039321249726 -0.00123326392691 0.00837259397215 -0.720412569981 0.397101355702 0.210138019816 0.0228438157261 0.241987185398 0.233813874709 -0.00912901059525 -0.133490105816 -0.00815076971979 -0.329372801771 -0.100589965231 -0.00904803108363 -0.000129374802207 0.0568551232735 -0.0118998561148 -0.0230135561663 0.0928474472019 -0.0831772877396 -0.0738188485044 
4.64797905525e-19 4.2538464027e-18 -1.25968352585e-17 7.04851174346e-18 9.21498721156e-19 -1.01113598859e-17 -1.11491614286e-19 1.39159139432e-17 1.25002935292e-18 1.25430461855e-18 -3.97721953551e-19 -2.05999947918e-17 -7.01555147662e-18 4.20514575096e-19 -1.90050068879e-18 1.30700960924e-16 -1.35334725676e-16 -1.10326462571e-17 -1.5118742064e-16 1.00234649986e-16 4.68567683535e-16 -2.6244989751e-13 -1.29460624806e-14 -2.6971198036e-14 -1.73117146979e-13 2.08128674802e-13 -7.07397913736e-12 -6.5617133236e-11 4.0287496815e-10 -1.68542052917e-08 -4.95507542563e-07 1.1821887807e-09 4.42106303419e-10 -4.20149658063e-08 5.57726931568e-08 -3.32866952689e-05 5.07481087693e-05 -0.000267317874902 -2.22355875514e-05 0.000101435815909 -0.00119196800253 0.00306678303599 0.0011953175866 -0.000240053586997 0.00276856072355 -0.00342784044539 0.0240688054001 0.00397191556958 -0.0122752582875 -0.000404567702905 0.0215806320355 -0.00629938464191 -0.00894214554214 -0.0214155811926 -0.365709683073 0.287044580938 -0.514216121659 0.0482044148491 0.165660410757 -0.374746021505 0.013098990147 0.212313171579 -0.00519576073709 0.479176904675 0.0799018741059 0.00959532622662 -0.0028901079448 -0.139684169712 0.076237859055 0.0841929759747 -0.148514099119 0.102077873211 -0.0340719072322 
2.06998523652e-17 1.89242295156e-16 -5.60023677569e-16 3.13377109288e-16 4.08358332269e-17 -4.49247646119e-16 -5.3942198189e-18 6.18709614352e-16 5.65587177398e-17 6.12605043774e-17 -1.51520966361e-17 -9.25940941764e-16 -3.17167654375e-16 1.90270401129e-17 -8.55103520696e-17 2.47481690263e-16 -6.11709077953e-15 -4.97653293318e-16 -8.18548947855e-15 4.56210572298e-15 7.49618627394e-16 -4.50029840141e-13 9.45172475823e-14 -1.29818695112e-12 -1.16881989605e-13 3.41065119465e-13 -7.19117878469e-12 -7.81652606418e-11 4.8552229206e-10 -1.8822279263e-08 -5.53342508067e-07 1.33008732222e-09 4.67481321105e-10 -4.68899709003e-08 6.2206999661e-08 -3.71613431977e-05 5.67318290379e-05 -0.000297565575587 -1.42448266607e-05 -7.27283874965e-06 0.000929211643566 0.00371017078237 0.000775283377902 -1.38101391985e-05 -0.00113211782658 0.00128248222812 -0.00880768311491 -0.00132032914326 0.0118681279107 0.00335933754117 0.0343565668346 7.09795270925e-05 0.0104358301486 0.0211784138097 0.100491653361 0.28978880615 0.327310043968 -0.0648277789619 -0.135470865358 -0.802310723439 0.00967453667782 0.0820887756237 -0.00282567777402 -0.311908567465 -0.0573307379772 -0.0105503674575 0.00971968864629 0.0556348072784 0.102490913355 -0.0724478036991 0.0440713876819 -0.043206188536 -0.0164297501951 
-1.28771454423e-17 -1.17726500702e-16 3.48389237117e-16 -1.94950974718e-16 -2.54045135464e-17 2.79477133354e-16 3.35352276762e-18 -3.84897387601e-16 -3.51801908868e-17 -3.80830054166e-17 9.4384247295e-18 5.75966752666e-16 1.97282481296e-16 -1.18349752e-17 5.31907507821e-17 3.26225769444e-16 3.80522024822e-15 3.09636874659e-16 5.22088879135e-15 -2.83775140564e-15 1.26268507964e-15 -6.8825091396e-13 -1.1643308538e-13 8.14358017836e-13 -6.15412008992e-13 5.57027968402e-13 -2.19866115368e-11 -1.96418614153e-10 1.20174330501e-09 -5.13277004446e-08 -1.50903912593e-06 3.59271472681e-09 1.37573268276e-09 -1.27944446004e-07 1.69604887068e-07 -0.000101342064811 0.000154727219254 -0.000811263400048 -3.6229189542e-05 -4.97451007909e-05 0.00309496218644 0.0101889976271 0.00197545616599 4.29382430727e-05 -0.00413483895819 0.00476435870623 -0.032864225694 -0.0050126069329 0.0383807432972 0.00298650064507 0.096402029799 -0.00606949720502 0.0116236489648 0.00153191865093 0.410142099327 0.797605519715 -0.0938159610016 -0.0752764039037 -0.224779331047 0.299787325401 -0.0138371125147 -0.121723855843 0.0088670042385 0.0907968536539 0.0390671406019 0.000698363635015 0.00123585784529 -0.000364602279028 0.0219800763533 0.0472553112529 0.00684477844877 -0.00899554067429 -0.0287560223794 
1.45452835832e-18 1.3297398483e-17 -3.93504925548e-17 2.20197079226e-17 2.86920916636e-18 -3.15664255352e-17 -3.79765145165e-19 4.34741641802e-17 3.9751128145e-18 4.30999901001e-18 -1.06252615932e-18 -6.50793987203e-17 -2.22950989655e-17 1.3375159059e-18 -6.01016545753e-18 4.95343907731e-17 -4.29977403844e-16 -3.49726717226e-17 -5.6552671277e-16 3.20717194628e-16 1.68388696472e-16 -9.64310789678e-14 2.78679792395e-15 -9.07688306239e-14 -6.01688687344e-14 7.54646348889e-14 -2.2722946229e-12 -2.19012499348e-11 1.34811063901e-10 -5.54356782139e-09 -1.6297773625e-07 3.89416163943e-10 1.46343185321e-10 -1.3810692093e-08 1.82643079493e-08 -1.09382227392e-05 1.67500226075e-05 -8.69904036512e-05 3.02987302326e-06 -8.46217242484e-05 0.00182033923262 0.00128810768626 -0.00015453259784 0.000180637391988 -0.00322244042174 0.00387253352844 -0.0269965573122 -0.00431428370971 0.0208956131101 -0.00119618231416 0.0164687230392 0.00191365410119 0.00615247682239 0.00692504240096 0.39029030637 0.0863947186991 0.0494292267989 0.215161955108 0.879485181791 -0.0349094684515 0.00179464082987 0.00617268896707 -0.0216098984965 -0.050816806716 -0.0240839537438 -0.000580953904161 0.00210293762494 0.00253978052217 0.0178272332186 -0.00358474567437 -0.0159221588447 -0.0600958672454 -0.0854661540321 
3.1196488507e-17 2.85184538226e-16 -8.43908205627e-16 4.72234459604e-16 6.15232612499e-17 -6.76950818043e-16 -8.16963548348e-18 9.32347067292e-16 8.53269023774e-17 9.2858888059e-17 -2.25795605834e-17 -1.39626952227e-15 -4.78438739735e-16 2.87032713549e-17 -1.28952318445e-16 1.59343601082e-16 -9.22711469457e-15 -7.50545995498e-16 -1.23954802978e-14 6.88455308646e-15 3.55756986349e-16 -2.47459822845e-13 1.68275028892e-13 -1.96129661983e-12 1.27349624878e-13 1.71745501638e-13 9.80977986667e-13 -8.75549586169e-12 6.22539254862e-11 -3.01374275755e-10 -8.82323793856e-09 3.611832669e-11 -3.68363202392e-11 -7.10521061216e-10 1.00404965089e-09 -5.92278522985e-07 9.0568259353e-07 -4.74812580611e-06 -2.6744017669e-07 2.31448223493e-07 8.32936645081e-06 5.83353271432e-05 1.39537272276e-05 -1.29480943414e-07 -6.12391249155e-06 6.17086003551e-06 -4.05881123228e-05 -4.15778181965e-06 0.000111540319892 -0.000324922995443 0.000336799380698 -0.000185262974899 -0.000739723359856 -0.00444233403277 -0.00273950622314 -0.00504180102835 -0.157341973011 0.0248682661785 0.0114942606255 0.0536388245382 0.170792317075 0.096092214576 -0.0538291438364 0.0833349095547 0.129453283742 -0.0445932399483 0.0635514967122 0.157517043518 0.393094411472 -0.650312892814 0.538288124247 -0.0737855462271 0.0555943606067 
8.21694477972e-18 7.51049005979e-17 -2.22228587164e-16 1.24355614496e-16 1.61943870963e-17 -1.78248950632e-16 -2.1708373873e-18 2.4551949782e-16 2.25215386927e-17 2.4743041458e-17 -5.80807711478e-18 -3.68142355903e-16 -1.26223606676e-16 7.57335117335e-18 -3.40028557654e-17 4.54875361833e-17 -2.43408008438e-15 -1.97923115972e-16 -3.26415911566e-15 1.81758903425e-15 1.03815660854e-16 -7.2264918175e-14 4.39877066907e-14 -5.17374665201e-13 2.72126245834e-14 5.08507040142e-14 8.84614858483e-14 -4.08931493245e-12 2.72063444237e-11 -5.31547887596e-10 -1.56204019422e-08 4.09873403615e-11 2.49628021865e-12 -1.31134601593e-09 1.75968688175e-09 -1.04888409199e-06 1.60220580351e-06 -8.39339501965e-06 -3.34293509551e-07 -1.06761418069e-06 4.24456376895e-05 0.000106786492962 1.78672052589e-05 4.18739316156e-06 -6.20199595449e-05 7.24929842362e-05 -0.000501529828341 -7.60886230142e-05 0.000513173783711 -0.00118908404959 0.000419106726899 0.000782944592609 0.000227642526244 0.00427433813791 0.000510558099812 0.000241209194983 0.0919943493034 0.172217057071 0.00386665021522 0.00131020377653 0.0197732779469 -0.118764151564 -0.161832900655 -0.0891042698868 0.175958970239 -0.0319462096426 -0.0227240758588 -0.0878757199913 0.176520838918 0.218915337382 0.27211134654 0.84661304158 -0.0557898015713 
-2.96894359165e-17 -2.71413139851e-16 8.03165994364e-16 -4.49435488416e-16 -5.85563937029e-17 6.44276145144e-16 7.7655247554e-18 -8.87334169691e-16 -8.11813086741e-17 -8.82302271663e-17 2.15587317434e-17 1.32863206911e-15 4.55223828894e-16 -2.73101554644e-17 1.22704135983e-16 -1.48037620278e-16 8.77952274148e-15 7.14172378057e-16 1.17976482339e-14 -6.54986363646e-15 -3.26863841465e-16 2.28233402912e-13 -1.60535560911e-13 1.86618923428e-12 -1.27345941122e-13 -1.57677989729e-13 -1.12014887698e-12 6.49675278975e-12 -4.80474251342e-11 -1.821719472e-10 -5.39254577946e-09 -1.60323265517e-12 4.76805509497e-11 -4.91052542145e-10 5.91799200854e-10 -3.61994077935e-07 5.54251390967e-07 -2.85788119038e-06 3.18986855907e-07 -5.31379264179e-06 0.000107383692968 4.85887294935e-05 -1.67825621547e-05 1.73543154186e-05 -0.000194390393981 0.000234120519472 -0.00163268649871 -0.000255833110006 0.00111647113642 -0.00247532188336 0.000742400908346 -0.00326528957527 -0.00830877647301 -0.0189407872232 0.0270667525835 0.0112745877894 -0.289291768833 0.0829671352775 -0.0124295626904 -0.166058219646 -0.0531134904859 -0.158121399636 0.00580687047958 -0.0556499139772 -0.0456211263679 0.00275549751651 -0.0110576233789 0.0371319321154 -0.719116045684 0.044158454437 0.56459466632 -0.0456152984955 -0.0769300194681 
3.61667137413e-18 3.30622431139e-17 -9.78370507e-17 5.47476742121e-17 7.13273512167e-18 -7.84814343514e-17 -9.4672634396e-19 1.08090015007e-16 9.89112248371e-18 1.07592870078e-17 -2.6206502583e-18 -1.61863982745e-16 -5.54620663548e-17 3.32735340252e-18 -1.494892592e-17 -1.88329494394e-17 -1.06966315003e-15 -8.70135054914e-17 -1.44687077548e-15 7.98066140517e-16 -9.30531946268e-17 4.65338054452e-14 2.39852762943e-14 -2.2788922656e-13 6.73241543768e-14 -3.98481063145e-14 2.16973379247e-12 1.80218170992e-11 -1.09605796593e-10 4.8621407189e-09 1.42950060887e-07 -3.39195714466e-10 -1.33444616291e-10 1.21238680223e-08 -1.60744095725e-08 9.60118987471e-06 -1.46506589438e-05 7.69530912984e-05 4.57052363639e-06 -8.28422596471e-06 -4.94844494839e-05 -0.000934418696532 -0.000247464778189 2.49352379197e-05 -6.3670451359e-05 9.96088472898e-05 -0.000733717656577 -0.000144482380555 -0.000899455945814 -0.000554417039443 -0.00818302933218 0.00110154402814 -0.000149077956781 0.0009720199884 0.0163371023438 -0.0806776251829 0.0103140278029 0.0421288793939 -0.111339326188 0.0201138950116 0.00291388535144 0.0379308603399 -0.00653155307745 0.0391576183367 -0.0102555744579 0.000353843176309 -6.26608777769e-05 -0.0200744024691 0.119525956857 0.028217079337 0.0275379730195 -0.106241049146 -0.973555617823 
