-0.955803433898 0.0230724753609 0.00857611326411 -0.0976606637513 -0.119373314275 0.224092256344 -0.0772878565083 -0.0644436695095 -0.00179368164826 0.000100599483955 0.00185087062997 0.040948405117 0.00110819059252 0.000602336429954 0.00418379472647 -1.04905616582e-05 0.000231628362726 3.18915171399e-05 2.25817147624e-06 2.6389862042e-07 1.84066991344e-06 7.08450947308e-07 2.95730819417e-06 2.01730068128e-07 -1.78945556821e-08 6.2909782177e-08 7.30158586032e-08 8.67514746841e-10 -6.05487100838e-09 7.77594465895e-10 3.37635167007e-12 -1.04376265737e-12 -3.08380949576e-11 1.18606112343e-11 4.75410973421e-12 -1.5409219576e-11 1.42966011311e-13 -3.42013173551e-14 4.17068144785e-15 -3.76048650016e-15 6.93468995682e-15 -5.89803946638e-15 -1.23471157887e-14 2.49651012754e-14 -3.73060883166e-15 -1.81371097711e-18 2.68156907865e-18 2.22044909423e-17 4.74865123501e-18 7.14138652542e-21 5.69048986304e-21 9.32884279569e-23 -3.04358473648e-22 3.93918427509e-23 -3.56981302861e-23 -2.59400991221e-22 1.44111757634e-23 -1.50699982688e-24 -2.31586902246e-24 -9.38159189813e-28 1.44503354029e-27 4.7006447962e-28 -1.18889925428e-27 -3.57679770244e-30 -3.5366469334e-30 -1.34527233792e-29 6.23395004178e-29 6.68209317137e-30 -2.36697015817e-29 2.22572927014e-29 -4.81401591421e-31 -4.48353982072e-31 6.87919971067e-31 
0.0135001577164 0.957441012248 -0.083781310937 -0.0956713823977 0.106749890274 0.0779730829166 0.108318455689 0.129003901886 0.00264294626904 0.00035039130049 -0.00141913488238 -0.144419906734 -9.75334076743e-05 0.000250317391877 0.01532081271 3.21824833658e-05 0.000930035261919 1.03668175625e-05 -1.8882559246e-06 2.11233271946e-07 5.94765440789e-06 2.33474771642e-06 9.28227381896e-06 5.30822305574e-07 -5.69619294289e-08 2.09665518028e-07 2.45139537376e-07 2.46288762266e-09 -2.03939335402e-08 2.53147163028e-09 -3.67514125387e-11 1.35107183084e-12 -1.03969487897e-10 3.9330968644e-11 1.55732708916e-11 -5.0421200763e-11 4.69662516401e-13 -1.10803941667e-13 1.33504153192e-14 -1.12848595128e-14 2.26392490029e-14 -1.93354560084e-14 -4.06493955473e-14 8.16854781033e-14 -1.22068095381e-14 -5.98142897209e-18 8.86243904992e-18 7.24703301162e-17 1.54827724845e-17 2.41525152126e-20 1.95957828223e-20 5.4270525923e-22 -1.4869144334e-21 1.37752550581e-22 -1.13010722734e-22 -8.21260074097e-22 4.54072747028e-23 -4.74482571608e-24 -7.33260324716e-24 -2.98036966353e-27 4.57439434909e-27 1.4867512684e-27 -3.78628899019e-27 -1.19890476587e-29 -1.21520070862e-29 -2.2488304875e-30 1.55861753244e-28 4.01698809537e-29 -7.56878740637e-29 7.64435142419e-29 -1.82731413207e-30 -1.54816505606e-30 2.24402191868e-30 
0.0205906255517 -0.109411589055 -0.931302309831 0.060271167638 0.101943413171 0.23389084674 0.0995681346632 -0.0226582787199 -0.188650361187 0.00357934134874 -0.0114882149237 0.0364132634196 -0.00359118844046 -0.00248461030478 0.0634125652286 0.000210627442922 0.00487860947281 -0.000418678812188 -7.70910736697e-05 2.24523607041e-06 -2.28427251205e-05 -5.21456673923e-06 -5.51310653366e-06 5.57336101756e-07 1.14760989962e-07 8.61802172811e-07 -8.49797723121e-07 1.99749986316e-08 7.63154248714e-08 -3.89254630406e-09 3.35719361098e-09 -1.24485501725e-10 3.9616460229e-10 -1.04629060208e-10 -2.45669366468e-11 9.07690395466e-11 -8.87087569464e-13 1.86960266471e-13 9.5469508476e-15 -5.59145324855e-14 -4.38757896729e-14 2.95478158472e-14 3.95791855043e-14 -1.46319777063e-13 2.17941180105e-14 4.74253003606e-19 -1.94051515488e-18 -1.45996609263e-16 -3.29887020085e-17 3.50481160471e-20 6.54695061052e-20 1.92149168568e-20 -4.07926155867e-20 6.80439220405e-22 -1.20088300145e-22 -6.25261933226e-22 -1.63985821267e-22 -1.51532805072e-24 -5.47299643645e-24 -1.61633766404e-27 2.72631678358e-27 1.1793221027e-27 -1.41385040945e-27 3.21442056417e-29 4.95803971558e-29 -2.47258013159e-27 2.65597591456e-27 -1.13510020549e-27 -9.56178937303e-30 -3.10020130435e-28 1.72159537467e-29 6.74131706778e-30 -2.40132719588e-30 
-0.194317953396 -0.134803724093 -0.0872676185385 -0.403941053889 0.643154695926 -0.51287511325 0.173358343562 0.148442711286 0.0700200136512 0.000783364470061 0.00344336874676 -0.145675746406 0.0024583839866 0.00103282170049 -0.135163055764 -0.000330628978546 -0.00970184731032 0.000428033176026 3.48967265629e-05 -1.60821557016e-06 1.86580707116e-06 -5.57639144722e-07 -2.71255647423e-05 -7.9692169556e-07 6.09863287649e-08 -4.10206602726e-07 2.87451274673e-08 -7.84493702168e-09 -3.94814266111e-09 -1.17309236513e-09 -9.6408434058e-10 3.46241549857e-11 -2.22573950408e-11 -5.13118323653e-12 -7.09148865589e-12 1.95579804076e-11 -1.69958407048e-13 4.65582927728e-14 -1.52692570216e-14 2.72231669968e-14 -7.8298702083e-15 9.09529892928e-15 2.59599347339e-14 -3.19056220144e-14 4.78960028165e-15 5.43752002399e-18 -7.68587242308e-18 -2.3386098087e-17 -4.44767856365e-18 -3.35096032218e-20 -3.84105865356e-20 -6.3479945e-21 1.37897696441e-20 -3.36745293347e-22 1.42021727778e-22 9.57585832861e-22 6.89767769162e-24 4.8952542707e-24 8.51689343158e-24 3.2806667059e-27 -5.10580759393e-27 -1.74750893316e-27 3.97714842899e-27 1.69021917411e-30 -3.34697288011e-30 7.38226004399e-28 -9.3710275287e-28 3.00202279325e-28 7.39356057146e-29 2.04975527587e-29 -3.40904194118e-30 -5.52849574436e-31 -1.39277218051e-30 
-0.00495796374216 -0.0136875709684 0.205043443976 0.421739891687 0.693821666228 0.41379864952 -0.174897347352 -0.262382665917 -0.0871415092561 0.0117998721507 -0.0123301988001 -0.126846331098 -0.00532933741443 -0.00224024681506 -0.0616716451033 -3.91866231453e-05 -0.00416771210341 -0.00023999651029 -5.79311197184e-06 -8.08718908484e-07 -1.42537497714e-06 -8.12865859796e-07 2.28868955771e-08 -5.59576276718e-07 1.38701532671e-08 -3.06996873436e-07 -5.08791883188e-08 -5.49845140692e-09 3.25872757881e-09 -1.18176504815e-09 -5.3294214934e-10 2.56481581569e-11 1.54973807125e-11 -1.24215854627e-11 -7.05617400416e-12 2.11004674364e-11 -1.87659105981e-13 4.96700609927e-14 -1.13454407755e-14 1.81965927011e-14 -9.03228861883e-15 8.89646644764e-15 2.21335925384e-14 -3.43065670091e-14 5.13772968326e-15 4.10768523051e-18 -5.86307489496e-18 -2.80423962485e-17 -5.72215337226e-18 -2.16195082507e-20 -2.31293944424e-20 -3.20495424068e-21 7.05364270814e-21 -1.958288648e-22 1.02924116774e-22 7.0784586349e-22 -7.29286684474e-24 3.78271579468e-24 6.30151404735e-24 2.45426336726e-27 -3.82238427576e-27 -1.29036432736e-27 3.00665660293e-27 3.08053101822e-30 1.33645178756e-31 4.36417756957e-28 -5.805615429e-28 1.70335511085e-28 5.68146056329e-29 -1.16966266582e-30 -1.69616382017e-30 -5.7657835987e-32 -1.21236151547e-30 
0.0133739877901 0.0397182200093 0.00509005494795 -0.151602085382 -0.171073923535 -0.216341741504 -0.218457717473 -0.403090155813 -0.669147231586 0.0135506571831 -0.0798811778588 -0.438039222631 -0.0352231440794 -0.0263204014577 -0.201804278117 0.000255412041194 -0.00853883787302 -0.00503188517444 -0.00105949938661 3.40344602023e-05 -0.000364630201703 -8.70701483097e-05 -0.000226861684624 6.72049590329e-06 2.16924996943e-06 1.2899273038e-05 -1.37995647567e-05 3.04750351531e-07 1.23546925348e-06 -6.73392530393e-08 5.21074635379e-08 -1.95315946272e-09 6.40829579586e-09 -1.7264722479e-09 -4.24412451646e-10 1.54738995115e-09 -1.50642676829e-11 3.20250224011e-12 1.10427172557e-13 -8.35878404434e-13 -7.42776008988e-13 5.12264780027e-13 7.29388579857e-13 -2.49554566364e-12 3.71824415954e-13 2.47045819215e-17 -5.58139827448e-17 -2.46331411838e-15 -5.53959176631e-16 4.6693253166e-19 9.49806882945e-19 2.94367929199e-19 -6.240020074e-19 1.00719596766e-20 -1.53915896982e-21 -7.36011689845e-21 -2.66131798437e-21 -1.02263265071e-23 -6.40170841438e-23 -1.65822134292e-26 2.93096318126e-26 1.40621837683e-26 -1.11463796525e-26 5.32975583334e-28 8.04013542456e-28 -3.83622923958e-26 4.07702845245e-26 -1.77286303361e-26 6.73808690401e-29 -5.02870496528e-27 2.72360919514e-28 1.09022930308e-28 -4.36598948425e-29 
0.0217494340718 0.0595625393843 -0.125346334214 -0.0669471604376 0.0890318588232 -0.140382542324 -0.898375407711 0.293377495527 0.0200694229014 -0.0042325317835 0.00482393251407 0.114198799954 0.00572070724587 0.00325511555542 0.203099540453 0.000353357718384 0.0148327078672 0.00208413537193 0.000644981113756 -3.00537834361e-05 8.7015640074e-05 6.86415291377e-08 -4.01017771169e-05 -1.58261139822e-05 -1.10508423517e-07 -1.21365462122e-05 2.9041961393e-06 -2.34345404909e-07 -2.93698164302e-07 -1.58373875446e-08 -3.01154742348e-08 1.13005251327e-09 -1.56287796503e-09 1.7013407609e-10 -9.08929871727e-11 1.93423527056e-10 -1.41556647514e-12 5.44765646392e-13 -3.55675500436e-13 7.36566099862e-13 -5.90430368228e-14 1.21363662846e-13 4.57245939257e-13 -3.19976006249e-13 4.84578930807e-14 1.15427884978e-16 -1.59769174904e-16 -1.39123759174e-16 -1.36222508002e-17 -7.95137429787e-19 -9.76905247826e-19 -1.82635978678e-19 3.94519247308e-19 -8.84016571137e-21 3.37075811129e-21 2.22645541424e-20 5.57606849913e-22 1.09895329734e-22 1.97796362731e-22 7.48586988223e-26 -1.17201363079e-25 -4.07413138889e-26 8.92858883389e-26 -5.06348384535e-29 -2.06077340915e-28 2.25533284603e-26 -2.73230468214e-26 9.52212469517e-27 1.61458827535e-27 1.27932273713e-27 -1.19838616333e-28 -3.01212042387e-29 -2.34299309237e-29 
0.00679091114128 -0.11013186856 -0.0590029235676 -0.031216673232 -0.0885754361147 0.0846281053037 -0.0303810238139 -0.0410036057616 0.374532347468 -0.0108597632685 0.0051023828448 -0.707924429908 0.0161237558845 0.0723635150918 0.385916663148 0.0103669843551 -0.31091382061 0.258118037104 0.0722463620727 -0.00320727631631 0.0273123629742 0.00642466343922 0.0182722575107 -0.000759191287258 -0.000162685659304 -0.00109305969575 0.00104165740324 -2.54310687744e-05 -9.37210372035e-05 4.77448488735e-06 -4.19681433152e-06 1.61249226278e-07 -4.8662202367e-07 1.28305224146e-07 3.02692294002e-08 -1.11872330674e-07 1.096014068e-09 -2.28953060852e-10 -1.2429887207e-11 7.08461182428e-11 5.4039584967e-11 -3.6416288308e-11 -4.87934735183e-11 1.80326997258e-10 -2.68592691986e-11 -5.51543967949e-16 2.3777218752e-15 1.79845959898e-13 4.06323199307e-14 -4.26952709948e-17 -8.02061173643e-17 -2.35676834741e-17 5.00521069284e-17 -8.34789879753e-19 1.54665601488e-19 8.16590433717e-19 2.01158866505e-19 2.14766869195e-21 7.15396973201e-21 2.13990464969e-24 -3.6099095857e-24 -1.53900523692e-24 1.91252429807e-24 -4.01752477047e-26 -6.21873669995e-26 3.12177181052e-24 -3.35849451637e-24 1.431741673e-24 1.46209786129e-26 3.88834577613e-25 -2.16743311802e-26 -8.45904705989e-27 2.95617408213e-27 
0.00245968818613 -0.0019432203898 0.00346731127836 -0.00572515458051 0.00692187841955 0.00999033190422 -0.00109790238453 -0.006362093854 -0.0405585731411 -0.953222468601 0.292489167153 -0.0134577383284 -0.00808119779951 -0.0604120557916 -0.00536881941609 -9.81514023114e-05 0.00123099158029 0.000506013797158 -0.0010749157704 -0.00035341070594 -0.000232658135727 -7.5716894524e-06 -0.000122756516756 6.53627871511e-06 1.57147831559e-06 -1.00546837193e-05 -8.21195276691e-06 -4.72484184961e-08 6.75342159241e-07 -8.4464220494e-09 1.12132240044e-08 9.66708757974e-10 3.47953046807e-09 -8.3082974223e-10 -5.95293560629e-11 1.61776523431e-10 -1.69237206325e-12 -3.28553861501e-13 -6.81240556584e-14 1.06819890003e-13 -6.09167287212e-14 4.41336920092e-14 1.28152140212e-13 -1.92865239332e-13 -6.2879446559e-15 2.18725143733e-16 -2.94736571754e-17 -3.20980272294e-17 -9.69294397366e-16 8.96518900801e-17 6.8817247998e-17 -1.27816741875e-18 1.32862199684e-18 4.40770816377e-19 -3.70721218066e-19 -2.7425160167e-18 2.03105460683e-19 -1.62094208861e-20 -2.45159560938e-20 -1.36620068841e-23 2.42988845277e-23 4.40066609097e-24 -1.27691416206e-23 -2.64856274019e-25 -1.25089389504e-25 3.91745878226e-24 -3.15965789616e-24 2.00871168139e-24 -3.13350773194e-25 8.50495730283e-25 -1.91977599637e-26 5.08027755239e-27 1.76907187273e-26 
0.00604982697714 -0.0089132871705 0.0158723627863 -0.0203449790774 -0.000852236553143 0.0221746653961 0.00229625727126 0.0312017037284 -0.114205503066 0.256647959735 0.888293747253 -0.0237581720042 -0.0852205730912 0.34886738533 -0.00843981092333 -0.00993524013071 -0.0010681999948 0.00656751766927 0.00429651717185 0.000146419362774 0.000501015532853 2.7040004077e-06 0.00126163332949 3.64696284074e-05 -5.77468581745e-06 -7.03919019045e-06 1.6943956786e-05 -8.45426621283e-08 -1.47265617358e-06 2.3579199627e-09 -3.33050631459e-08 -1.71675805918e-09 -7.61911750102e-09 1.69237608982e-09 6.36978739838e-12 -8.18293407742e-11 3.6234295749e-13 -4.60759669423e-13 -2.06094225279e-14 -2.46203733159e-14 6.49712425713e-14 7.65499008337e-16 1.44019725037e-13 1.30790586365e-13 -1.90712051802e-14 4.50857248537e-17 -6.86363306992e-17 2.35839365767e-16 6.49322071582e-17 -7.51175163912e-19 -8.50431086168e-19 -1.486127821e-19 3.17123304632e-19 -7.35568907273e-21 9.51605383833e-22 6.0715939801e-21 3.93766302322e-22 1.94008005983e-23 5.40364972021e-23 3.20593959382e-26 -5.63475141312e-26 -9.27889168834e-27 2.63529350239e-26 6.95608344089e-28 2.6751562923e-28 -8.58345535295e-27 6.67064397519e-27 -4.41720551025e-27 6.74585146047e-28 -1.87019420193e-27 3.01383263439e-29 -2.76181998408e-29 -4.1386130815e-29 
0.00394187461438 -0.00311143457686 0.0111428218998 -0.0111333157347 0.00100526089237 0.0117634183657 0.00418083288157 0.0120667197863 -0.0666587524018 -0.0141939896835 0.0110947520909 -0.00124113556531 0.977840707744 0.195598861438 -0.0115497041582 -0.0077049793602 0.00158360212903 -0.00526678949581 -1.22945742701e-05 0.000153430996056 -0.000246289031589 -4.48117281115e-05 0.000489912912752 3.08644959293e-05 -9.92423679153e-08 1.46195763062e-05 -9.76008618689e-06 3.60594344002e-07 8.99196151962e-07 -1.87911447316e-08 5.41791031812e-08 -2.23524153349e-09 4.70046330417e-09 -1.03194906477e-09 -1.32270301854e-10 5.92275220925e-10 -6.29732294936e-12 1.0195679229e-12 3.72566158389e-13 -1.09833726301e-12 -3.08433329754e-13 1.51112751902e-13 -6.50714824527e-15 -9.4810257708e-13 1.40584385225e-13 -8.02140963455e-17 9.90380877041e-17 -1.06881966196e-15 -2.55392259844e-16 9.57083362476e-19 1.29920012316e-18 2.75312994017e-19 -5.92656853944e-19 1.22126968329e-20 -4.37350427604e-21 -2.81269566215e-20 -1.33604655255e-21 -1.33787136605e-22 -2.4947318233e-22 -9.69486509118e-26 1.58276114865e-25 5.09121106086e-26 -1.06536815997e-25 -7.21569908719e-29 4.01363473909e-28 -3.38929683041e-26 4.05647412093e-26 -1.45440123078e-26 -1.91404040926e-27 -2.40466880943e-27 2.15394804716e-28 8.77488809485e-29 2.58772438802e-29 
0.00569555226443 0.0431942271786 0.0164854951569 -0.00638841768046 0.0287104613308 -0.0141923746148 -0.00460595439055 0.0148902075644 -0.13298373332 0.00366111468153 6.21272343932e-05 0.280928541357 -0.00114134745002 -0.0359004274769 -0.147021052238 0.0227788533847 -0.92726003036 0.106524989594 -0.00766842999656 0.00229882096999 0.0458235854127 0.0130902903826 0.0539435942688 0.0077666884125 -0.000488390282455 0.00306718813427 0.00188802433236 5.42279419545e-05 -0.000151458573917 1.68187379662e-05 3.38895811931e-06 -3.63008425878e-07 -7.66330073361e-07 2.9470627172e-07 9.78068991768e-08 -3.08621656672e-07 2.76307550602e-09 -2.5802015252e-10 1.20062652089e-10 -2.21726723847e-10 1.39568574181e-10 -9.34001486373e-11 -1.80738929328e-10 4.42060158413e-10 -3.65897457803e-11 -1.87953275241e-13 3.01810288197e-14 3.18765717898e-13 8.77085048043e-13 -7.50875298234e-14 -5.77323257683e-14 1.01589607571e-15 -1.00114262833e-15 -3.70370761201e-16 3.09302129022e-16 2.28802328299e-15 -1.69354087719e-16 1.35178193549e-17 2.04531911918e-17 1.14138436727e-20 -2.02947738742e-20 -3.66893162632e-21 1.06697437067e-20 2.21977646704e-22 1.0526467143e-22 -3.30732831734e-21 2.67541086207e-21 -1.69430195991e-21 2.62118018145e-22 -7.15371853924e-22 1.62718824455e-23 -4.16702853512e-24 -1.48318127623e-23 
0.000684954167514 0.00470683891871 0.00973426329998 -0.00491922924704 0.00849346265738 0.00108893207254 0.00683215152528 0.0114462585689 -0.0392453729831 0.00935498512555 0.0165557451219 0.0487743379356 0.0107241653801 -0.0692356379605 -0.0142366278026 0.0242237659421 0.027105147227 -0.0239892623495 0.977089396592 -0.00402473904367 0.178694744008 -0.0017935708511 0.0402586292188 4.71700040877e-05 -0.00113901151952 4.14556043792e-05 0.006414688068 -3.07728633066e-05 -0.000554100929107 -3.64848085265e-06 -1.32367107246e-05 -4.28583841367e-07 -2.86884924561e-06 6.11120514024e-07 -1.82495125954e-08 5.55091847387e-08 -5.56638436318e-10 9.77724587457e-11 -1.34426115318e-11 2.19906512627e-12 -2.29740938827e-11 2.32896309378e-11 5.8026168834e-11 -8.99125953264e-11 1.34532833758e-11 9.96238399374e-15 -1.49108055118e-14 -7.17793446225e-14 -1.47257258211e-14 -4.6703117016e-17 -5.5399454457e-17 -1.0987804037e-17 2.32800419782e-17 -4.93370983624e-19 2.97821474351e-20 1.54877108669e-19 4.76076875192e-20 -2.88116883662e-22 1.36943452136e-21 6.14445497743e-25 -6.43825138267e-25 -2.61087051261e-25 8.14835992144e-25 5.98154026271e-27 7.70606898592e-27 -2.32004999701e-25 2.10888137247e-25 -1.1683508325e-25 1.8045319457e-26 -4.83009148827e-26 2.07981315342e-27 1.02256012258e-27 -7.87679610874e-28 
-0.00102890071521 4.10440430027e-05 0.00199504767535 0.00155456254821 0.00149149712383 -0.00231142803611 0.00296853249627 0.000920007403048 -0.0059927612049 0.000552165467264 -4.84355884683e-05 0.00194496862406 2.33055057427e-05 -0.00108395413702 0.0111734799868 -0.00111120099574 -0.00310384337846 -0.0142562712236 -0.00440496994969 -0.989385702564 -0.00111175114377 0.00506807235464 -0.000485374423212 0.143286575372 -0.00215261035348 -0.0112952209661 0.00104953806377 0.000423466039436 -8.57922391772e-05 4.88811865315e-05 5.81068850174e-05 -5.88651165917e-06 -3.05344864109e-07 6.63550011179e-07 2.09848007785e-07 -6.48905153568e-07 2.41430990028e-09 -3.45059791279e-09 1.04132343987e-09 -2.67408940352e-09 3.44212514703e-10 -2.52837193063e-10 -5.01369898088e-10 1.07585660662e-09 -1.65808411449e-10 -8.74553387515e-14 1.34866954852e-13 1.09675476738e-12 1.10556779979e-13 1.20852369367e-14 9.02891984011e-15 -3.3459262965e-16 4.92352864251e-16 5.695225638e-17 -6.23679547195e-17 -4.57418574226e-16 3.03208324424e-17 -2.71390288537e-18 -4.08605413207e-18 -2.00855415371e-21 3.59075755988e-21 7.74511353305e-22 -1.91146070231e-21 -2.72155345866e-23 -7.77445948475e-24 8.37742628037e-23 4.20482338144e-23 6.53488460919e-23 -4.22411449001e-23 5.67720788056e-23 3.02724225716e-25 1.5812526327e-24 1.83721617143e-24 
0.00487717585477 -0.000145691710126 0.0118784406045 -0.0295700832507 0.0117797275968 0.00618572504748 0.0102567348109 -0.0219286351576 -0.0198126340841 0.000368973843626 -0.00139274795739 0.0188636051769 -0.000695088967356 -0.00129455723382 0.0647115827197 0.000442007184958 0.0015394652785 -0.00333768286987 -0.000930861808402 0.0551586572883 -0.00181013463251 -0.222470081656 -0.00477276339047 0.449839827441 -0.0103183676497 0.859082836853 0.00316517057109 0.0133142408555 0.00243702388129 0.000624691662332 0.00144627021258 -5.67624376304e-05 1.477950264e-05 4.73540171428e-06 3.93273737078e-06 -5.83006218085e-06 4.07034360482e-08 -1.36121434472e-08 1.9466300945e-08 -4.00537552789e-08 4.92786867106e-10 -5.50228885925e-09 -2.57080267705e-08 9.84235813382e-09 -1.51084081752e-09 -7.01593581581e-12 9.67143090257e-12 -1.79341427903e-12 -1.42869604985e-12 4.37367953002e-14 6.00032129396e-14 1.33544196285e-14 -2.85409576352e-14 5.65651412341e-16 -1.38399578607e-16 -8.53825278025e-16 -7.48838871822e-17 -3.51390040556e-18 -7.55847582709e-18 -3.09839072168e-21 4.40070964569e-21 1.51478300477e-21 -3.97288500283e-21 -1.41131528038e-23 -1.64323147521e-23 1.65251011841e-22 -1.48361607511e-23 1.20142967771e-22 -8.05788050179e-23 1.03058519619e-22 -3.20904837488e-24 -2.19490506644e-24 2.5604313577e-24 
0.0160803464102 0.0020591505479 -0.00577085871598 -0.0513753847851 0.000846802594842 0.0267517540069 -0.0172995189901 -0.0424252927108 0.0340841869262 0.000515714498403 0.00365803926064 0.0139884853179 0.00145241569546 0.00123324523572 -0.0315501735839 -0.00105645483537 0.00165646409443 0.00644834774273 1.2424764682e-05 -0.127229614955 0.00117324261871 0.170083820287 0.00748618592047 -0.839347251861 0.01350748618 0.491894739302 0.000205457331511 0.00346689329108 0.00104103368704 0.00027910052862 0.000366391216502 3.83381576252e-05 5.42420026636e-06 3.79957654095e-07 2.51029230577e-06 -4.77423089648e-06 6.62067910803e-08 5.10798582448e-09 3.58123368341e-09 -8.64856812561e-10 6.17123029215e-10 -3.51868068334e-09 -1.5006708371e-08 7.80675113064e-09 -1.17939534319e-09 -3.6276225874e-12 5.18088523455e-12 4.16932997311e-13 -3.46832961538e-13 1.1323012068e-14 2.47690026059e-14 8.55758945149e-15 -1.78404642928e-14 2.62111322566e-16 7.38878010672e-17 6.06132188922e-16 -9.02459355598e-17 4.47946151106e-18 5.43494984239e-18 1.41045020956e-21 -3.27631722758e-21 -1.22960601103e-21 9.97426487509e-22 -4.48276649402e-23 -6.91301253345e-23 3.30358463893e-21 -3.5143168679e-21 1.52665713737e-21 -5.01579536764e-24 4.32441749269e-22 -2.35013127052e-23 -9.38088346385e-24 3.74261899637e-24 
-0.00147787547934 0.00264546490732 -0.000883325784881 0.00520145549118 0.000612932739613 -0.00646418148548 0.000305918030932 -0.00415262959084 -0.00182329803525 0.00126743696277 0.00309864758998 0.00774271198745 0.00189645277781 -0.00728006057503 0.00152587115468 0.0488999194633 -0.0413472479918 0.0270024921075 0.178305180574 0.000644504262215 -0.980100870097 0.020975559914 0.0214087796332 0.00385215978369 0.00644313273473 0.00178062206309 -0.0397378474667 0.000250744115775 0.00350223760163 8.50691184508e-05 0.000101580260329 2.49274273499e-06 1.82367248208e-05 -3.54367745581e-06 1.0324759624e-06 -2.17458353983e-06 1.83042890367e-08 -7.48338044507e-08 4.14364209314e-09 -4.43125259783e-10 3.4470573833e-10 -5.58073684743e-09 -1.85018246116e-08 1.22641830502e-08 -6.19784775255e-09 1.99090758215e-11 6.81482753105e-12 1.88014838416e-11 -1.15737401541e-10 1.11209935444e-11 8.55892992049e-12 -1.45839200852e-13 1.38533161753e-13 5.49734933916e-14 -4.5856872191e-14 -3.39137595467e-13 2.5030249184e-14 -2.00310500623e-15 -3.03158975765e-15 -1.68929995642e-18 3.00277785773e-18 5.44187360355e-19 -1.58056450479e-18 -3.27491165773e-20 -1.55183670735e-20 4.86463325067e-19 -3.92894880906e-19 2.49348559456e-19 -3.87885909329e-20 1.05469332471e-19 -2.39293526156e-21 6.16687484009e-22 2.1900985276e-21 
-0.0023555955631 -0.000443762936678 -0.00173198818243 0.0117509106207 -0.00307032281087 -0.00166699662162 -0.00112427599667 0.0146157091569 -0.00150434151409 -1.75581449188e-05 -0.000435239339963 -0.00317278582287 6.6218872345e-05 -0.00112504802398 -0.0228475423188 0.0017199836413 0.0240724822217 0.0359678543302 -0.00200687274706 0.039663589557 0.0213391485645 0.957632406273 -0.00423811930998 0.254819504686 7.24561124958e-05 0.114731975521 -0.000974293953024 0.00220026894286 0.000519015531741 0.00110959958972 0.000274869190887 1.5088752472e-06 3.46631408642e-06 6.71606999548e-06 6.71925837068e-06 -2.14055863036e-05 1.97087140363e-07 -4.72734986785e-08 6.83597367834e-09 -7.63876297432e-09 9.52787537359e-09 -8.33548377981e-09 -1.81739309333e-08 3.46330377188e-08 -5.14253188723e-09 -3.03484856954e-12 4.15366987873e-12 3.0174466065e-11 7.36082388411e-12 -7.7896267269e-14 -5.79492509367e-14 2.01042905747e-15 -3.06264442714e-15 -3.58345474567e-16 3.13223722619e-16 2.3345728563e-15 -1.86861835653e-16 1.39039476488e-17 2.08781186256e-17 1.18604312088e-20 -2.12527169969e-20 -3.7140250497e-21 1.08909144783e-20 2.39292362971e-22 1.11946907781e-22 -3.58625125283e-21 2.92636996539e-21 -1.83007099197e-21 2.70803824276e-22 -7.62240779242e-22 1.72340653297e-23 -4.91109275657e-24 -1.57058745045e-23 
0.00246454325225 0.00542176123894 0.0103951084384 -0.0112710802394 0.00975716992725 0.0049123426845 0.00597446342074 0.01014693624 -0.0321083108561 -0.157039225351 -0.331938046315 0.0623620503065 -0.182726259982 0.905915807985 -0.02439034583 -0.0119084698311 -0.00831833437699 -0.0109571238985 0.0670760474404 -0.000989334122945 0.00403329719444 0.00113909964111 0.0138068990126 0.000777396608045 -6.07965847422e-05 3.42097073373e-05 0.000149354145481 4.16720119298e-06 -8.20626869771e-06 4.90266269886e-06 1.23196275262e-06 -2.60965262245e-08 -3.48670452905e-08 3.53579148914e-08 6.71427612643e-08 -1.38326218174e-07 1.12959706365e-09 -5.18483314708e-09 2.85115750214e-10 -3.38734957845e-11 1.93622286042e-11 -3.81637926968e-10 -1.26732750197e-09 8.31338858327e-10 -4.27462045761e-10 1.38651773156e-12 4.68191299119e-13 1.29245156002e-12 -8.04267496225e-12 7.72541063886e-13 5.94551850817e-13 -1.01374281883e-14 9.63666470977e-15 3.81869579767e-15 -3.18563574127e-15 -2.35596143158e-14 1.73885937462e-15 -1.39154744876e-16 -2.10602091819e-16 -1.17354333754e-19 2.08600874513e-19 3.78042554927e-20 -1.09800421241e-19 -2.27505622445e-21 -1.07804483866e-21 3.37940698715e-20 -2.72939325093e-20 1.73219756116e-20 -2.6946092946e-21 7.32684844177e-21 -1.66233809811e-22 4.28417744214e-23 1.52144233182e-22 
0.000180114033686 -0.0178706366268 -0.123046654825 0.11162712354 -0.112241090116 0.0330915814869 -0.132342169172 0.0731249614542 0.324862764477 -0.00219381715467 0.0286617604526 -0.270200434417 0.00937852119275 0.0218816502507 -0.517621285721 -0.0153070601595 -0.133806216886 -0.682216173673 0.0140375725611 0.0062984403011 -0.0152789837808 -0.00175185088878 -0.0247700473518 0.038264898361 -0.000552685906199 0.0393229123678 -0.000572167023747 0.000673482043497 0.000175121986299 3.78032636387e-05 7.35349824838e-05 -3.42287670522e-06 1.01960653115e-06 2.39722832864e-07 1.703302789e-07 -3.48538377844e-07 2.424945028e-09 6.02751585024e-09 6.52427489906e-10 -2.14211967235e-09 1.28127709028e-10 1.93736789301e-10 4.41846801075e-10 -2.95051619897e-10 4.81472525048e-10 -2.36500799152e-12 -1.86434559176e-13 -1.52886315295e-12 1.16765727905e-11 -1.1169603435e-12 -8.58447513168e-13 1.52736773567e-14 -1.52238891044e-14 -5.5055183742e-15 4.60622740155e-15 3.40739584625e-14 -2.52164465863e-15 2.01326283437e-16 3.04594768962e-16 1.6981728099e-19 -3.01907686471e-19 -5.46636864159e-20 1.58828003827e-19 3.29578492666e-21 1.56181052276e-21 -4.89949776777e-20 3.95895609746e-20 -2.51092153327e-20 3.89918722775e-21 -1.06147154625e-20 2.40967044347e-22 -6.20667433538e-23 -2.20321373176e-22 
0.0508782847016 0.000984601551716 0.0819763164895 -0.284794721842 0.0950281518558 0.0513904843345 0.0682542862922 -0.276059160012 -0.0827019934774 0.00438560104025 0.00310600861877 0.116658669719 -0.0026861072516 -0.00463330088131 0.603761233346 -0.00691334829488 -0.121529622047 -0.640455164248 -0.0103945580416 0.0153521772753 -0.012513118042 0.0601773921699 -0.0115235139195 -0.016553916875 0.000776675549952 -0.0497917246356 -0.000822855829982 -0.000748304484808 -8.18957742147e-05 1.31259236751e-05 -7.88246191088e-05 3.70648844101e-06 -5.24966969531e-07 -3.87116368658e-08 6.94274223206e-08 -6.52082038634e-07 6.83607926396e-09 -1.4317971081e-09 -9.22026278109e-10 2.20764505146e-09 4.25469720312e-10 -4.80290691866e-11 7.75534623653e-10 1.0329273513e-09 -1.52322050934e-10 3.16032724875e-13 -4.20482695266e-13 1.57199781765e-12 3.88809710179e-13 -1.14007757648e-15 -2.4818492313e-15 -8.34948832801e-16 1.75950356065e-15 -2.68916947493e-17 1.59625460909e-18 1.72925954784e-18 8.05134753568e-18 -8.27755038686e-20 1.11302794307e-20 -5.08828643945e-23 1.50876471611e-22 -9.97017079635e-24 7.95133842218e-24 -3.34188499688e-24 -1.05744227151e-24 5.07851400322e-23 -4.68057305985e-23 2.42622010809e-23 -6.67544811113e-25 7.64627220602e-24 -1.22928767682e-25 1.9383948713e-25 1.39074815496e-25 
0.00142001604785 -0.000797318359168 0.00434156558445 -0.00616276154403 0.00247923401835 0.00575729619991 0.0024324515405 0.00729849462222 -0.0123046896585 -0.00125470070132 -0.00604416954513 0.00944606147367 -0.00371604150858 -0.000956069184608 0.00411216563218 -0.459523783325 -0.0558269743352 0.0399238860559 0.0545529474625 -0.000690788741209 -0.028367534933 -4.89657965536e-05 -0.88297267276 -0.00801046448225 0.00449375673063 -0.00109293001488 -0.012260140022 -0.000535486120555 -3.59489906711e-05 -0.000894610962121 -0.000274565391281 3.0840643507e-06 -1.84781771277e-06 -4.25076893941e-06 -1.48689948548e-05 2.82183364314e-05 -2.25249881221e-07 1.2859651297e-06 -6.95279427399e-08 5.89874764323e-09 -1.87404850878e-09 9.33574296187e-08 3.13224232178e-07 -1.98150300468e-07 1.05732630394e-07 -3.48771947363e-10 -1.16506174617e-10 -3.1486221532e-10 2.02106413842e-09 -1.93933053351e-10 -1.49252226944e-10 2.54461794379e-12 -2.41870707297e-12 -9.58621027757e-13 7.99688498605e-13 5.91416053353e-12 -4.36507262372e-13 3.49319424899e-14 5.28673608647e-14 2.94595337153e-17 -5.23652618463e-17 -9.48996884858e-18 2.75631858379e-17 5.71113901181e-19 2.7062480644e-19 -8.48347622354e-18 6.85174325703e-18 -4.34840690139e-18 6.76429405977e-19 -1.83928065922e-18 4.17303446533e-20 -1.07547244259e-20 -3.81930918382e-20 
-0.0316956748316 -0.00274034637681 0.00735755722171 0.104204289413 -0.00400366655822 -0.0545978137231 0.0300213636501 0.0796825288047 -0.0576867031217 -0.000999566172367 -0.00589501708039 -0.0291281163849 -0.00240193468176 -0.00110449168826 0.048231152833 0.0148592862374 -0.0112419099596 -0.0344609616023 -0.00138502033901 0.000152697711068 0.00231288682555 -0.00218986736119 -0.0050134303656 0.00266850135309 0.975019335185 0.00952345348391 0.111122825028 0.069835106672 -0.0144432969029 0.00719479362786 0.037578505662 0.00722550707709 -0.000174137274175 7.35307513248e-05 0.00010169644163 -8.39011636392e-05 1.46904923953e-06 1.11587035339e-06 2.46155651805e-07 -2.49436914994e-07 -5.69269208125e-08 -1.43062763853e-07 -8.17056587724e-07 1.3886989801e-07 -2.01825976439e-08 -2.49165394767e-10 3.10983841537e-10 -2.73300862335e-10 -4.0833641856e-11 -3.87935700029e-12 -1.85262001523e-12 5.63187449614e-13 -1.12412263819e-12 -4.9098559335e-15 2.51604224958e-14 1.89407030978e-13 -1.58491403035e-14 1.16988549591e-15 1.6931639274e-15 7.04935771954e-19 -1.24244354984e-18 -3.46951469682e-19 6.00268644956e-19 1.07179561148e-21 -1.35440621885e-21 1.51368096567e-19 -2.50058921256e-19 3.95935371138e-20 1.8714554234e-20 -1.06781463793e-20 -4.23205895305e-21 -5.99090377444e-21 -1.57348185854e-21 
0.00650463703369 0.00506805546737 -0.00628906329853 -0.0204120522376 0.00062196069014 0.00306032221552 -0.00991222650822 -0.0364398496183 0.0237314022362 0.00022431647668 0.00358601838621 0.0126423787402 0.00155994463028 0.00234539151965 -0.012130322576 0.0281573843061 0.00251518425453 0.0112613514411 0.00188461783117 0.000933475219603 -0.0395231968122 0.0022439872134 -0.0275449330546 0.000830186881143 -0.105083100542 -0.00479757935315 0.981371944196 -0.00653925364287 -0.140253081966 -0.00130402120337 -0.0017900834606 0.00400057564012 -0.00101261951777 8.01165817602e-05 -1.69586428823e-06 2.11261259851e-05 -2.60612447246e-06 7.14227104744e-07 -2.16744298058e-07 5.02905342841e-07 -2.1338860041e-08 1.50795667848e-08 -1.38837453716e-08 -8.04220140829e-08 3.42308205485e-08 -1.2979226134e-10 1.66843446918e-11 -1.64494776745e-10 6.01457455703e-10 -6.30149719413e-11 -4.59918513833e-11 7.99776599313e-13 -8.80529827668e-13 -2.93055046508e-13 2.58569457593e-13 1.9278802665e-12 -1.43423414989e-13 1.13772689719e-14 1.72385342583e-14 7.01068814227e-18 -1.08014261247e-17 -3.497720891e-18 8.93589053209e-18 2.87194725207e-20 2.90373465986e-20 -1.13568843004e-20 -3.43805503531e-19 -9.98786051989e-20 1.77927766049e-19 -1.80619039669e-19 4.78456509593e-21 4.31270345429e-21 -5.1674289688e-21 
0.180843137856 0.0125836897486 -0.0386694145538 -0.595223532131 0.0230190744055 0.31707091821 -0.168694576584 -0.440863005937 0.320802126817 0.00563773980034 0.0323553543542 0.161878466772 0.0133370704893 0.00733921830172 -0.273932149504 0.00222594152277 0.0635586650258 0.193426051154 0.00624261825679 0.000426298867269 0.00293981266589 -0.0138659382714 0.00249041942618 0.0754068690094 0.176592133882 -0.048680674095 -0.029283748466 0.0116226320705 0.00431950802154 0.00118215357058 0.00648824510329 0.00107636289667 1.88857008925e-05 1.20789059355e-05 1.61886435654e-05 -1.24625376129e-05 2.96750658511e-07 1.30718849556e-07 6.04444653583e-08 -9.65777482108e-08 -8.54619009635e-09 -2.28077236646e-08 -1.28700026306e-07 2.30370319452e-08 -4.40160921273e-09 -3.49148214859e-11 4.84958173253e-11 -3.78950414736e-11 -3.51959560379e-11 2.32765181259e-12 1.86308296341e-12 5.12732822904e-14 -1.36363189221e-13 1.29781784702e-14 -7.87547527158e-15 -5.85039488097e-14 4.16911618566e-15 -3.37217825456e-16 -5.23267758335e-16 -2.20774875896e-19 3.02986984565e-19 1.03695011642e-19 -3.47524490502e-19 -2.0001021492e-21 -2.58021533778e-21 6.70636977392e-20 -7.06569093934e-20 2.96376671101e-20 -5.74388291168e-21 1.20166243527e-20 -1.39720051148e-21 -1.60190822865e-21 -1.47036233693e-23 
-0.000850127864799 0.00101911264772 -0.00156273798724 0.00315934379808 -0.000488810763597 -0.00377701330987 -0.000556491885582 -0.00412787917793 0.00364694751681 0.000415652490778 -0.00230089605576 -0.000800093229778 -0.00273437235735 -0.0199768424904 0.0028634881376 -0.885224242511 0.00341689604406 0.00310973440491 0.00785055513553 0.0016188729367 -0.0338975272336 0.002631091775 0.46158939629 0.00583096141604 0.011619644616 0.000437703948972 0.0373556596717 -0.000884489023195 -0.00509258204353 -0.00026404245845 -2.33389548819e-05 0.000261748296963 -4.16268879498e-05 -1.1626251594e-05 -1.59229553038e-06 2.51228058726e-06 3.27177191377e-09 8.99699519387e-08 -4.216378659e-08 1.1110761265e-07 -2.55127080544e-09 2.7437981245e-09 8.55194187273e-09 -6.66624223796e-09 1.9589953801e-09 -1.74126453402e-12 -4.32781577322e-12 -1.06428436177e-11 2.45492908521e-11 -2.62468129452e-12 -1.92288527777e-12 3.5370790657e-14 -3.92419082809e-14 -1.23696485834e-14 1.00315531256e-14 7.52516592743e-14 -5.9405951016e-15 4.44760468876e-16 6.73264033528e-16 2.70891234579e-19 -3.70211924667e-19 -1.35528161181e-19 4.35756024704e-19 1.74101947491e-21 2.66218212123e-21 -5.77311410411e-20 6.21702458132e-20 -2.46819504079e-20 6.90493146863e-21 -1.12436675979e-20 1.60855447182e-21 2.0062551523e-21 7.08452705877e-23 
0.103050614128 -0.180693258964 0.179402954174 -0.380211187862 0.022650320357 0.521489578826 0.0619106256751 0.591383546564 -0.321131275542 0.00135567996825 -0.0779692517705 -0.179626211104 -0.0332214556306 -0.051427804722 -0.0653651512511 0.000393320064663 -0.0022630756406 -0.0549361098588 -0.0171256511974 8.21917687064e-05 -0.0148946305295 -0.00107662781713 0.0119333145301 -0.00674622220001 -0.00601609756052 -0.00190253815858 0.0236400225918 0.00843127418192 -0.00243386918625 0.00313018474209 0.00605346812486 -0.000367202362331 0.000491340905318 0.00307295889899 -9.33160830688e-05 0.00053643091912 -3.67847504759e-05 -1.62213287866e-05 7.31237777194e-06 -2.1838774401e-05 2.65549542216e-07 2.62002583113e-07 1.1222683923e-06 -6.4881389563e-07 5.14886643934e-08 2.49497692208e-11 -1.84215357045e-10 8.85580936154e-10 -9.34319341369e-10 1.07184292481e-10 8.00992210857e-11 -3.34483568583e-12 5.14061473868e-12 4.99038376925e-13 -5.42429191848e-13 -3.98459031652e-12 2.71970730543e-13 -2.36908592315e-14 -3.55963282276e-14 -1.89385542207e-17 5.72831279549e-17 6.78335806251e-18 1.5372332289e-17 -1.30375865368e-19 7.11071473217e-19 -2.99966424706e-17 3.59745141864e-17 -1.2652665369e-17 1.5059765093e-20 -3.19259674341e-18 4.59768311066e-19 4.82102337792e-19 4.50685751849e-20 
-0.000990114817852 0.00196840213325 -0.00197143848824 0.00370352850589 -0.000228655574465 -0.00543111812236 -0.000789240446401 -0.0067207240232 0.00370398132428 -1.05832020268e-05 0.000859027982116 0.00206592140742 0.00036134577739 0.00052006346949 0.000522536509501 -0.00214843053347 2.47436514859e-05 0.000769655438977 0.000252448348931 3.63551191544e-05 -0.000136096308041 0.000475274509272 -0.000170099976106 -0.00480414015091 -0.0794102359191 -0.0132522755053 -0.00192235343341 0.923241009704 -0.000758016096669 0.193515829918 0.321748918208 -0.0015086567777 0.00102599843609 0.000223521669641 0.00258722093913 -0.00367524777934 0.000108264555414 6.60828508664e-06 3.51882855236e-06 5.79024672928e-06 -5.68653746883e-07 -5.19957129651e-06 -2.36072599226e-05 7.20506873565e-06 -1.73173331597e-06 -2.19658247846e-09 9.16103732372e-09 -1.17896846496e-09 -2.14987242272e-08 2.44063937524e-09 1.5236576699e-09 -7.2780713673e-12 6.12509586012e-12 1.19792193561e-11 2.97224454448e-11 1.91480697764e-10 2.63426588567e-12 1.11719001543e-12 1.69349123953e-12 7.71844334152e-16 4.64989315154e-14 1.5631235447e-16 6.74680911169e-14 3.94876909823e-16 1.72960911559e-15 -6.88284715324e-14 7.83952248646e-14 -3.00344285809e-14 9.33732210367e-16 -8.5561368561e-15 9.49533670131e-16 9.274327514e-16 3.86005715722e-17 
9.58534228864e-05 -0.000172820936937 0.000167245270442 -0.000353675944319 1.8678666753e-05 0.000490974265832 5.80355715074e-05 0.000560325244808 -0.000294419600257 2.58884490557e-06 -6.83235562771e-05 -0.000187190959441 -2.78750005799e-05 -4.85912146654e-05 -6.25733233667e-05 0.000529734792871 8.98366705343e-05 -0.000111321393193 -0.000141710394156 -2.84083040041e-05 0.00222307845914 -0.000154684437252 0.00164874848869 0.000533904148091 0.00114224895717 0.00307984898769 -0.141256761772 -0.003908613928 -0.989663181281 -0.00317330422024 0.0105183145157 0.0205464407312 -0.00584001235023 0.00104596321838 -1.52612580076e-06 0.00010414374761 -6.10610698172e-06 2.62127679379e-06 -2.44866010048e-07 3.02491281283e-07 -7.08675266401e-08 1.14038238049e-07 1.74773841128e-07 -3.74881071783e-07 1.58844115127e-07 -6.07780674268e-10 -6.64885554071e-11 -6.76527411869e-10 2.70218994004e-09 -2.6909942766e-10 -2.04238484928e-10 3.61894119132e-12 -3.70025215972e-12 -1.29997799897e-12 1.25632180044e-12 9.22851198043e-12 -6.19685596416e-13 5.44229915409e-14 8.24392688717e-14 4.21015120533e-17 -7.76429425123e-17 -1.55395736919e-17 3.3391475028e-17 5.76453350614e-19 1.4189994021e-19 -1.74219751348e-18 -2.37508275793e-18 -1.93610631362e-18 9.59139171449e-19 -1.56445847231e-18 -9.89542392459e-20 -1.89347577167e-19 -7.21777327842e-20 
0.000175034062253 -0.00030381395621 0.000299319895749 -0.000644673180736 3.7155905662e-05 0.000878949975093 0.000100988934982 0.000985716068858 -0.000529653297162 2.91669545401e-06 -0.00012764130303 -0.000306452528632 -5.36971933598e-05 -8.45190503742e-05 -0.000114507154573 0.000309570232785 3.81953611267e-05 -0.000116021348885 -6.1992982156e-05 4.10878354087e-06 -4.03616575642e-05 0.00103503896228 0.000704209963464 -0.000624624671602 -0.00562642199947 -0.00234539825113 -0.000322039974269 0.24321079552 0.000956744633008 -0.961676738954 -0.120386012049 0.00294363539103 -0.00492994663035 -0.0140581497228 -0.0166585354933 0.0312901191245 -0.000153139518294 0.00174766496065 -0.000110508445009 7.78594595454e-05 -3.45564929246e-06 0.0001167065692 0.0003854154049 -0.000250092598835 0.000136822259478 -4.60267464575e-07 -1.43204217528e-07 -4.14697942818e-07 2.64089485335e-06 -2.53886205312e-07 -1.95172254066e-07 3.33286003195e-09 -3.18560147135e-09 -1.25117488391e-09 1.08465213258e-09 8.00393741628e-09 -5.74402960993e-10 4.724998709e-11 7.1532885026e-11 3.95240931235e-14 -9.09197482759e-14 -1.31424813242e-14 7.30893506913e-15 5.67782016067e-16 -3.95870817695e-16 1.88342546231e-14 -2.55341240964e-14 7.21459617712e-15 5.38199439243e-16 1.18441871403e-15 -3.78354183944e-16 -4.5213202183e-16 -7.57099527725e-17 
-0.000275962872337 0.000477524190795 -0.000473669622224 0.00101680475174 -6.03670760138e-05 -0.00138501115414 -0.000160487149924 -0.00155530019242 0.000843117868904 -3.68791735009e-06 0.000205780859353 0.000471650653009 8.77928343397e-05 0.000136792265412 0.000177936987858 4.97803083937e-05 6.40520867062e-06 0.000140304096194 4.38494061626e-05 -4.64983553444e-06 1.99869800857e-05 0.000164909190787 -5.75421642148e-05 0.000521251438922 -0.013958945944 0.00260968870594 -0.000340012872785 -0.288256545559 0.0118791234924 -0.190071617617 0.93805461515 0.0059420444871 -0.00262659956988 -0.0152532957579 0.0129168715743 0.00447119917652 0.00474987988873 9.62528474053e-05 7.79056184059e-05 1.07518306649e-05 -1.25506058556e-05 -1.91531082485e-05 -9.02567048554e-05 -8.45814280557e-05 4.41948505603e-05 -2.15310059371e-07 3.852243131e-09 -2.29031576576e-07 3.43190455821e-07 3.38337943553e-08 -2.4695642355e-08 1.50775486208e-09 -5.03029042767e-11 6.64721930986e-11 4.31858942931e-09 2.87084407288e-08 -2.26999075772e-10 1.6794117402e-10 2.54572114497e-10 1.32859593914e-13 4.98840627045e-12 6.06467967676e-15 7.40719956952e-12 4.44669344556e-14 1.89558421771e-13 -7.54194689268e-12 8.58406744135e-12 -3.29249341874e-12 1.03101319292e-13 -9.38983363325e-13 1.03820189842e-13 1.01250821052e-13 4.13038398307e-15 
-5.00122137033e-05 8.75103582173e-05 -8.68717560658e-05 0.000184483131997 -1.09837686411e-05 -0.000252756005939 -2.98928330834e-05 -0.000286189048579 0.000155361532794 -6.60846488418e-07 3.77635470936e-05 8.69080108949e-05 1.60999253721e-05 2.50017435893e-05 3.17981471034e-05 4.42033373783e-06 1.1161818785e-06 2.64475877869e-05 1.06526296974e-05 2.94776097083e-06 -9.76355424332e-05 1.0991217377e-06 5.83890642668e-06 6.91179997317e-05 0.00681151727025 6.06491366377e-05 0.00180374265449 -0.00203069107868 -0.0215439312741 -0.00509387290956 0.00539735964134 -0.989922172008 0.139486367 -0.000272930855612 -0.00100172257449 -0.00375575623197 0.0015663616698 0.0024665558135 5.82225569781e-05 -0.000387201382471 -1.73650717215e-05 0.000718794427756 -3.13139388164e-05 -8.26557140312e-05 -3.53622921678e-05 9.00744392312e-07 1.11458231434e-07 -3.16486199836e-06 -2.78213871678e-06 8.49361335059e-07 4.21816484751e-07 2.45270616723e-08 -4.04828180599e-08 -8.15871751228e-09 -1.9744860787e-07 -1.35485642321e-06 1.58395599485e-08 -7.88246622619e-09 -1.20295864986e-08 -5.13960343272e-12 1.5157574985e-11 2.60696081045e-12 6.69554442987e-12 7.74484707145e-14 2.2870547153e-13 -9.48734766676e-12 1.23059398991e-11 -3.55819430695e-12 -9.6920096148e-14 -6.94997626957e-13 2.03883681331e-13 2.54444733447e-13 3.82667450324e-14 
-4.31972722901e-05 7.55909717212e-05 -7.50432784195e-05 0.000159346337231 -9.48927072748e-06 -0.000218325586502 -2.58265337443e-05 -0.000247223074561 0.00013421867828 -5.68138408247e-07 3.26052573375e-05 7.50635000071e-05 1.38907820023e-05 2.14799764884e-05 2.74745326236e-05 -1.24104550229e-06 9.87702606494e-07 2.28596128335e-05 7.00856201232e-06 -2.04467170989e-07 1.10567733107e-05 5.44540608506e-06 -4.86452760924e-06 -3.01333837774e-06 -0.000870310747164 1.33102749934e-06 -7.33867674669e-05 -0.000256130847529 -0.00291637685918 -0.00467416690301 0.000837035315845 0.139601223314 0.99016431601 -0.00547910042289 -0.00168615167406 0.000966281738574 -0.0044306930083 0.000639806483247 0.000397387814463 0.000267498715924 -2.77061861372e-05 -1.28594960052e-05 -1.84135380715e-05 -1.76478002696e-06 9.0417127584e-06 1.26435622059e-06 2.46094844522e-07 5.31085583018e-08 6.86116440919e-07 -1.37302428156e-07 -5.79075215941e-08 -3.84198645392e-10 -1.85741829358e-11 -1.89085504616e-10 3.54221853225e-09 2.48411726812e-08 -5.37442836769e-10 1.44546179738e-10 2.20864381535e-10 5.26425428637e-14 -2.52341370545e-13 -5.49853932716e-14 -2.24606129724e-13 -4.49304861856e-15 -7.77637011494e-15 3.2318860301e-13 -3.8645239292e-13 1.3232917655e-13 -3.19806483121e-16 3.26178338221e-14 -5.33736127316e-15 -5.91934969906e-15 -6.33943913826e-16 
0.000324223595946 -0.000567348711328 0.000563231545783 -0.00119599426019 7.12194748877e-05 0.00163865284232 0.000193831752091 0.0018555089121 -0.0010073498893 4.26554020422e-06 -0.000244703617529 -0.000563400748827 -0.000104245776721 -0.000161179291037 -0.000206229286363 1.17208559827e-05 -7.28239121425e-06 -0.000171656376162 -5.36720822525e-05 1.55065216825e-07 -4.25581379341e-05 -1.10276151901e-05 2.5625090893e-05 -1.84036481532e-05 0.000330201944254 -1.9852972397e-05 1.88853878701e-05 0.00267972504063 -0.00119340838105 0.00670798049935 -0.014640997218 0.000318845019976 -0.00466695898076 -0.961597246867 0.149119186732 -0.225053582983 0.0432535980766 0.0145600506448 -0.00119114012003 0.00713119910062 -0.000308692003111 -0.000633776603287 -0.00306098993185 0.000481700828762 -0.000205435463501 -1.90282367515e-07 1.32809512232e-06 -4.3523409698e-07 -7.34681225355e-06 1.16473883329e-06 5.52609578532e-07 -1.2901668401e-09 5.93816332864e-09 3.79126763452e-09 1.62923744048e-09 6.44938977367e-09 2.26903633149e-09 3.69600001438e-11 5.43034050083e-11 3.71666862188e-13 -7.75170811904e-13 3.98804386021e-14 7.43045359907e-14 2.02740040212e-14 1.16901396516e-14 -5.28213665807e-13 4.86493462175e-13 -2.62744323008e-13 1.15840932795e-14 -8.79717573316e-14 1.0451275765e-15 -3.01030133639e-15 -1.84181096861e-15 
-1.46383239827e-05 2.56275817416e-05 -2.54428571037e-05 5.4000543597e-05 -3.21625431041e-06 -7.40060100832e-05 -8.76194128771e-06 -8.38304949973e-05 4.55150419019e-05 -1.92310740754e-07 1.10538125148e-05 2.54541770291e-05 4.70851286235e-06 7.27485535783e-06 9.30560997712e-06 -7.75447171587e-07 3.3313083396e-07 7.76123936456e-06 2.42105584453e-06 2.58272845285e-08 2.04713451912e-06 1.40058702486e-05 -9.47724232615e-07 -5.02338505776e-06 -3.45516918141e-05 -2.75509043692e-05 -5.1661200598e-06 0.00335119976306 0.000188171079152 -0.028781321904 -0.00265689588595 0.000226293910995 -0.00032035077 0.178560481215 0.475396457143 -0.57737586071 -0.596201141919 -0.225988293485 -0.0103584173102 -0.00371224723925 0.000736225651447 -0.00802829476913 -0.0315175237306 0.0126397563939 -0.0062377887191 1.18998087837e-05 1.6382741663e-05 2.1312974549e-05 -2.4971321482e-05 -9.40923401053e-06 1.17759763756e-06 -1.87513583063e-07 2.34877781745e-08 2.09299430473e-09 -1.24948665586e-07 -7.82979290329e-07 -1.24347452531e-08 -4.59022273106e-09 -6.91447482306e-09 -1.2018842942e-11 1.75255132709e-11 -1.28475682711e-14 -1.38490060174e-11 -5.98337191047e-13 -5.42581896764e-13 2.28585051253e-11 -2.30255922576e-11 1.07987228857e-11 -4.6970101301e-13 3.44819310568e-12 -1.61810971962e-13 -5.57951505807e-14 4.22066003692e-14 
2.8940934572e-05 -5.06713300765e-05 5.03058041079e-05 -0.00010676337083 6.35861417406e-06 0.000146321522369 1.73257760104e-05 0.000165754560927 -8.99945501741e-05 3.80394748068e-07 -2.18560003753e-05 -5.03319044027e-05 -9.3100681744e-06 -1.43880346102e-05 -1.8395835847e-05 1.40918791269e-06 -6.50390746152e-07 -1.53525230324e-05 -4.78901243689e-06 -2.88807755772e-08 -4.32078103045e-06 -6.17826663029e-06 1.73421972226e-06 4.70656814262e-06 -0.000160290384632 3.70322919989e-05 3.68857179108e-06 -0.00443707727561 9.54694547852e-06 0.00810543777229 0.0130198753156 -0.000281767715394 -0.00385143281236 -0.11757571027 -0.834305696178 -0.155403382851 -0.476226061273 -0.19621403839 -0.0134340747804 -0.00323787320266 0.00246901937906 0.000789283143751 0.0113783469593 0.00756638678909 -0.00377084189598 1.80022489678e-05 -6.64849310153e-06 2.02752472839e-05 -3.84609827863e-06 -8.07925695982e-06 -5.40042667187e-08 -1.30350540868e-07 2.38472284801e-08 -4.06682615319e-09 -7.44663576092e-08 -4.54727435193e-07 -1.2569728527e-08 -2.66789516632e-09 -4.00800251473e-09 -8.39221353642e-12 1.98640977438e-11 -1.52999431708e-13 9.75626133186e-13 -3.77108375849e-13 -1.17375844459e-13 5.63367792673e-12 -4.28960603382e-12 3.0306924253e-12 -1.79354206461e-13 1.11960414446e-12 2.98776594969e-14 1.02803823281e-13 3.5606084674e-14 
6.7566828341e-06 -1.18369831817e-05 1.17523498532e-05 -2.49270405161e-05 1.48497670045e-06 3.41737432045e-05 4.05101056901e-06 3.87297739647e-05 -2.10301135382e-05 8.86333054255e-08 -5.10580473902e-06 -1.17603379495e-05 -2.17461148752e-06 -3.35730573641e-06 -4.29175021132e-06 4.88788130628e-07 -1.55068509669e-07 -3.59026639538e-06 -1.11997740054e-06 -1.62518612126e-08 -9.32952425019e-07 -8.51863428004e-06 5.67317127608e-07 3.66770765765e-06 0.000111092929507 1.37081933046e-05 3.82433249077e-06 -0.0015681464343 -0.000261792040079 0.0229563831352 -0.00220242121397 -0.00456442954378 -0.00317581678938 -0.167508387347 0.225622371984 0.751513929121 -0.595563298255 -0.00774453480967 -0.0224853118216 0.00428746904796 -1.18989710678e-05 0.000582376602308 -0.0127103084687 -0.0129468914532 0.00936996417397 -6.25754466162e-05 1.21121320481e-05 -2.80611902117e-05 0.000284815916827 -3.99915941941e-05 -2.20378197215e-05 1.69391672336e-07 -3.69442651984e-07 -1.48107296687e-07 -4.56359287612e-08 -2.34195398022e-07 -7.70382423742e-08 -1.27834008989e-09 -2.09346223524e-09 2.10519882898e-12 1.21655302882e-10 -7.16152024632e-12 5.66031343086e-11 -4.46350881673e-13 1.97631845891e-11 -8.68745164577e-10 7.37647093228e-10 -4.82379887585e-10 3.41288382177e-11 -1.69297898134e-10 -1.04176570033e-11 -1.24119170058e-11 -4.28958867527e-12 
-7.81033824063e-07 1.36027630511e-06 -1.34993639574e-06 2.87967818067e-06 -1.71260775737e-07 -3.93576893055e-06 -4.61550867307e-07 -4.44106161437e-06 2.40953728854e-06 -1.03431225148e-08 5.86459996278e-07 1.34776741927e-06 2.49977964938e-07 3.87671912181e-07 4.99685068593e-07 3.69811124677e-08 1.77424215324e-08 4.06632947301e-07 1.22460953846e-07 -1.58416532817e-08 2.85827989714e-07 2.54743197825e-07 -1.76546088618e-07 9.45247636119e-07 -5.11509443548e-05 5.46354420524e-06 -4.7066236283e-06 -0.000591695200203 0.000120121048104 -0.00326592472516 0.00237054540956 0.00238261439591 -0.00185079501653 0.0318886691695 -0.0599978497984 -0.158979952552 -0.243924409806 0.951191367286 0.00253882684839 0.0711449770092 -0.010510097288 0.00417539185354 -0.0248647880661 0.00152013477378 -0.00152657377123 1.04452989038e-05 4.21500315318e-05 -1.43201820158e-06 -6.96640526003e-05 7.14334139496e-06 5.46764271765e-06 -1.10825267603e-07 -1.72265412718e-07 -4.34229107169e-08 -1.48431733151e-06 -9.94360905428e-06 1.2073131173e-07 -5.81893068719e-08 -8.8242430538e-08 -2.02451004563e-11 -2.6176969346e-09 -7.90064455543e-12 -3.74278680587e-09 -2.09230244792e-11 -9.36435712369e-11 3.71498223206e-09 -4.26267978163e-09 1.60907656389e-09 -4.7942107395e-11 4.54364034547e-10 -5.37290342316e-11 -5.30258024385e-11 -2.68803733017e-12 
-8.63214593022e-08 1.51095803311e-07 -1.50003490451e-07 3.18432007069e-07 -1.89641173527e-08 -4.36357023508e-07 -5.16438422645e-08 -4.9421308181e-07 2.68319338579e-07 -1.13478902965e-09 6.51703877943e-08 1.50062937672e-07 2.77613983882e-08 4.29061876107e-08 5.48871739874e-08 -3.96209443005e-09 1.95027482574e-09 4.57442660569e-08 1.42604466348e-08 -3.92137887713e-11 1.2892135506e-08 3.87607969565e-08 -8.02340570511e-09 -1.02665616914e-08 -9.76347424117e-07 -5.84859448865e-08 -2.04585940764e-08 9.36673201989e-06 4.21768352698e-06 -0.000255164751979 1.34605405836e-05 0.000108592641088 0.000529579605458 0.00473246097374 0.00101008164957 -0.00900301230135 0.0251842952601 0.00795850794926 -0.99891124533 0.000612370545693 0.0367592485848 0.00144709090959 0.00317453920631 0.0015984399846 -0.000397021666103 -0.00268365067494 -0.000449064285082 1.10394297795e-05 5.88964788385e-05 -5.3529049236e-06 -4.74427885908e-06 -1.47096200567e-07 5.43463683425e-08 -8.9635590345e-09 3.60695312254e-07 2.49088151781e-06 -3.7614858058e-08 1.44993908203e-08 2.21682241431e-08 6.31852826112e-12 -3.29479296942e-12 -4.59799343158e-12 2.25891741612e-11 -3.72082097994e-15 2.44283603349e-14 2.07810224777e-12 1.22611555251e-12 2.33696473514e-12 -8.96917082881e-14 1.07378686053e-12 2.39013762131e-13 3.78808637268e-13 7.97494736822e-14 
-1.54011898955e-09 2.75611988853e-09 -2.73871089232e-09 5.69404524876e-09 -3.40148450614e-10 -7.89347850408e-09 -9.70441458072e-10 -9.08283051154e-09 4.9404238059e-09 -2.11582094442e-11 1.20108811373e-09 2.77090407851e-09 5.16725292576e-10 8.44851159011e-10 9.44340078794e-10 2.55782696543e-09 2.50319256097e-11 8.69289574594e-10 1.61569282622e-09 1.79549486945e-09 -5.83108493246e-08 1.48006910957e-08 6.60659834886e-09 2.27467733483e-08 4.31749986938e-06 -4.30744711785e-08 1.02771550095e-06 6.58233658236e-06 -5.67055213485e-06 7.49477085069e-05 -2.48139986755e-05 -0.000577481590538 -4.63941606762e-05 0.00564309968445 0.00170329961127 0.00689216136258 0.0154540314655 -0.0691814646367 6.47888231649e-05 0.997206445997 -0.0108167731408 -0.00416612736783 0.0180736559359 -0.00189379502763 -0.00229029327366 0.000711690914838 0.00113860675845 0.000156727783585 -0.000358434908359 5.55747766611e-05 2.75646802039e-05 -3.07482753878e-07 1.09361632113e-06 2.63065072274e-07 1.52945711277e-06 1.03849192881e-05 1.21598408447e-08 6.01474208189e-08 9.19738127599e-08 8.30121064993e-11 -2.34619382152e-09 -4.1030913507e-11 -3.1177988715e-09 -1.67520944467e-11 -7.09551497798e-11 2.78084759166e-09 -3.32026947335e-09 1.15322666357e-09 -2.39210909689e-11 3.06734696045e-10 -4.99991859329e-11 -5.19365699101e-11 -4.61123398834e-12 
3.70780164691e-08 -6.49219953162e-08 6.44541840628e-08 -1.36782021875e-07 8.14672491597e-09 1.87468596684e-07 2.22004988636e-08 2.12376061201e-07 -1.15308549919e-07 4.87349295019e-10 -2.80045049294e-08 -6.4488242062e-08 -1.19298585268e-08 -1.84415916892e-08 -2.35651956798e-08 1.45857763873e-09 -8.39911005214e-10 -1.96674121519e-08 -6.46730190123e-09 -2.94000595093e-10 8.89661907811e-09 1.57528116326e-08 5.70889277532e-09 -1.97360970656e-09 1.2650991828e-06 -1.82603437584e-07 -1.86425221501e-07 3.22791069275e-05 4.13840055703e-06 -0.00043312368023 -0.000106871908944 8.24322263787e-05 -5.30945439687e-05 0.0027603705369 0.0265807563754 -0.0126267494874 -0.0274831060576 0.0190381642132 0.00297611312055 -0.0156309882313 0.0022461640576 0.122329005848 0.990992470704 -0.015268027938 0.0217509892132 0.0012849219943 -0.00035788477815 -0.000897975190339 0.00329121461881 -0.000245015038076 -0.000158212547352 1.75005203071e-05 -4.45589183699e-06 -7.68631600627e-07 1.24330267844e-05 0.000110258525014 -1.78330707789e-06 6.27617678554e-07 1.01953654978e-06 -3.72911791621e-09 -4.45996718459e-08 2.07846450737e-09 -2.96345322641e-08 -6.06711471379e-11 -7.59318991733e-09 3.33050682143e-07 -2.85698212162e-07 1.83610594588e-07 -1.27674944234e-08 6.41426502095e-08 3.70172776062e-09 4.47452060038e-09 1.58918284222e-09 
-1.80638771885e-08 3.1610533843e-08 -3.1380141218e-08 6.66339454321e-08 -3.96739416492e-09 -9.12977507856e-08 -1.07993166649e-08 -1.03380807871e-07 5.61225631359e-08 -2.38485901977e-10 1.36392583176e-08 3.13940347083e-08 5.81380836303e-09 9.01935891954e-09 1.14853619531e-08 1.05428143527e-09 3.99198956754e-10 9.55961049887e-09 3.62000565126e-09 8.65846164591e-10 -2.51545451434e-08 8.59453480857e-10 3.2704323607e-09 7.16239963642e-09 2.78103540217e-06 -3.19600902437e-08 4.85549240881e-07 -9.29610314947e-08 -1.09708857623e-05 0.000398070390999 -4.92949054658e-05 -0.000332801590913 2.46310918428e-05 -0.0036586132681 0.00394673850521 0.0210552064258 0.00206088947222 0.00538091865028 0.00048255271434 -0.00252972115974 -0.0141462100536 -0.317312512228 0.0640152809198 0.709526926131 -0.624757676586 0.00493329549079 -0.00101444461808 0.00216579507354 -0.0265574869792 0.00348205025923 0.001910834609 -3.22416415895e-05 5.61108448498e-05 1.35065181575e-05 4.37940831696e-05 0.000744888108459 8.95520773597e-08 3.90336121855e-06 7.07045648986e-06 -2.41892665746e-08 -2.77935718465e-06 5.44482187691e-10 -3.5136397833e-06 -1.86135687477e-08 -1.61246972494e-07 6.73815395586e-06 -6.71234103646e-06 3.33463780033e-06 -1.75926326092e-07 1.07083931123e-06 -7.09401641619e-09 1.44874147823e-09 1.44418660225e-08 
3.40215487143e-08 -5.95354430139e-08 5.91011005265e-08 -1.25498457598e-07 7.47196760972e-09 1.71950320787e-07 2.0339212454e-08 1.94707067588e-07 -1.05699960476e-07 4.4949735395e-10 -2.56903184108e-08 -5.9128887254e-08 -1.09519737303e-08 -1.7002625155e-08 -2.16297455241e-08 -2.66083560136e-09 -7.51854777104e-10 -1.80027409934e-08 -7.19207360376e-09 -1.90257422413e-09 6.36076915422e-08 3.99128116434e-09 -2.87775581673e-09 -4.73535495054e-08 -4.11983277797e-06 -6.4917250286e-08 -1.17325897701e-06 4.1359560027e-06 1.304658811e-05 4.92351702834e-05 -2.19917586194e-05 0.000631477675649 -7.13192069884e-05 -0.000510742029334 0.00275958927144 0.003154611095 0.000503700208998 -0.00693823124109 0.00131279639217 0.00452912756214 0.00277350301536 0.917086204003 -0.103382675657 0.0903352777447 -0.372657442115 0.00500104935497 -0.00232999584475 -0.00752963393073 -0.0261466795461 0.0045047743221 0.00247943175987 -0.000152701258831 -0.000660490658457 0.000402612986565 0.00438600126019 -0.0177728562832 0.000111851333991 -5.94798337439e-05 -0.000207640089269 3.04785081406e-06 0.000281218676792 -3.24843220015e-07 0.000354346335784 1.87291455114e-06 1.67410653258e-05 -0.000700780058182 0.000694450213528 -0.000348290005898 1.86222766489e-05 -0.000112259027936 4.19685952183e-07 -4.97714818367e-07 -1.57125282838e-06 
1.02878681307e-09 -1.80028975636e-09 1.78724333496e-09 -3.79499677919e-09 2.25995256371e-10 5.19966850146e-09 6.15094317211e-10 5.88792277421e-09 -3.19658344449e-09 1.35230715154e-11 -7.76416713865e-10 -1.78774548336e-09 -3.30713867272e-10 -5.10916474709e-10 -6.54415433121e-10 6.04856487561e-11 -2.31705078971e-11 -5.44795645776e-10 -1.60376621078e-10 1.19308265677e-11 -5.67883713759e-10 -1.66845106353e-10 1.1672646936e-10 4.63645959633e-10 2.811593596e-08 -7.31926883881e-10 7.10159568871e-09 4.27259590727e-07 -6.40036753585e-08 -1.99745092872e-05 6.73587248419e-07 -4.48070654512e-06 -6.89520031565e-07 2.52079910797e-05 0.00109946082066 -0.00019955860178 -0.00161450855247 0.0096703597031 0.0368495076061 0.0115293573006 0.998946494262 -0.00729063146699 -0.00120740443746 0.00950674839556 -0.00836539370654 -0.0140087877703 -0.00107437740783 0.00992061862189 0.00254337347199 -3.5358867823e-05 -5.83991276818e-05 -1.30129235659e-05 4.39285051454e-05 3.92409564331e-06 8.82559707974e-05 0.000667387163225 -6.7820510141e-06 3.82644138286e-06 5.99743313718e-06 -1.75612165647e-09 -3.80303107975e-07 -7.24534011337e-10 -4.71787115638e-07 -2.50029766607e-09 -2.24152762557e-08 9.38689916283e-07 -9.30361213008e-07 4.66487154937e-07 -2.48827197169e-08 1.50302447553e-07 -5.63220067381e-10 6.64889580816e-10 2.10230853995e-09 
1.79996533297e-10 -3.1502538225e-10 3.12522327353e-10 -6.63934987204e-10 3.94185555114e-11 9.09693108821e-10 1.07487856094e-10 1.02984163826e-09 -5.585363844e-10 2.54029196105e-12 -1.36946342167e-10 -3.13459294478e-10 -5.90317125656e-11 -9.7507495951e-11 -1.13612640594e-10 -3.43399304444e-10 -3.11320033344e-12 -9.43046986231e-11 -1.78082253651e-10 -1.681498293e-10 6.44106649095e-09 6.90396472675e-10 -1.86288176876e-10 -6.36095448909e-09 -2.45213163731e-07 -1.41510022499e-08 -1.09350558279e-07 4.45433504463e-07 4.10392671136e-07 7.22178473546e-05 -1.05634237438e-05 5.0569430129e-05 -5.49426932664e-06 -0.000630904228713 0.000839207527395 0.00455319745011 0.00266673663633 -0.000502863189408 0.00108858199264 0.00421385777563 -2.02318394257e-05 0.206554357532 -0.0298517036069 0.694991705973 0.675952377141 -0.00502679326786 0.00503787176188 0.00733978911848 0.126259514913 -0.0186128701813 -0.00827923725853 0.000169251228973 -0.000249827973337 -9.1476914255e-06 0.000495348117408 -0.00309882731771 -1.89398780805e-05 -1.18790543344e-05 -3.40815888063e-05 3.72521383522e-07 4.01409338721e-05 -1.41541818208e-08 5.09222807502e-05 2.70193531319e-07 2.31644032161e-06 -9.67456413703e-05 9.65148458544e-05 -4.78210311257e-05 2.51408795558e-06 -1.53412144457e-05 1.14285757995e-07 -7.28128360982e-09 -2.04686992878e-07 
-8.88387724223e-11 1.55461148225e-10 -1.54330662457e-10 3.27708489382e-10 -1.95132116625e-11 -4.49005973815e-10 -5.31129300536e-11 -5.08434022291e-10 2.76021382439e-10 -1.17083166322e-12 6.70653545829e-11 1.54389002809e-10 2.85787585625e-11 4.42624419004e-11 5.64950527445e-11 1.02119957962e-12 1.98504890832e-12 4.70268856608e-11 1.66290103511e-11 1.91847043003e-12 -7.18757733936e-11 -3.59340253407e-11 -1.0475664508e-11 9.49155866332e-11 2.63340229886e-10 3.78785496403e-10 1.38279194996e-09 -3.01845037385e-08 2.21402255548e-09 -1.09926857529e-06 2.71139812839e-07 -4.94621412605e-07 2.31947715587e-07 1.24790407836e-05 -2.20972673669e-05 -5.23270288592e-05 5.15270400527e-05 0.000177396082334 -0.00211370893834 -0.000388724301154 0.014062756692 -0.00229498830827 -0.00127161112184 0.000355047968666 0.00927135415035 0.99418895891 -0.105818303192 -0.0089557960943 -0.0037108358705 0.000333148917655 -0.000178560905633 -1.61705497665e-05 2.75934410695e-05 -2.53627536018e-05 -0.000297543172272 0.00109527109781 -5.59127196518e-06 3.48106641848e-06 1.29744452411e-05 -1.96885467581e-07 -1.85585343569e-05 1.88940224572e-08 -2.34153598554e-05 -1.23874927271e-07 -1.09873712621e-06 4.59747990596e-05 -4.56134018984e-05 2.28276432809e-05 -1.2169291194e-06 7.35172884854e-06 -3.23268770425e-08 2.75185555537e-08 1.02066873804e-07 
5.7203464185e-10 -1.00102265641e-09 9.93718892665e-10 -2.1101173633e-09 1.25632427446e-10 2.89115394147e-09 3.41980856929e-10 3.27378245091e-09 -1.77722508571e-09 7.55841305143e-12 -4.31958115679e-10 -9.94189078503e-10 -1.84149414632e-10 -2.85908824492e-10 -3.63677144964e-10 -4.59840436648e-11 -1.26376357585e-11 -3.02692540164e-10 -1.21419559153e-10 -3.26087881319e-11 1.0910204924e-09 6.59071713542e-11 -5.05287097334e-11 -8.10555678376e-10 -7.07619746168e-08 -1.09889128289e-09 -2.0098907698e-08 6.87978694323e-08 2.22831077163e-07 8.59726555515e-07 -3.70156307126e-07 1.08303197587e-05 -1.1895437361e-06 -9.41645086544e-06 4.48951402594e-05 5.48433133843e-05 1.70103538733e-05 -0.000119424685064 -6.26136320076e-05 -5.77967304066e-05 -6.23027303884e-05 0.0174032478578 -0.00210294685931 0.00255280288114 -0.00556516172417 0.0117908949378 0.122186359753 -0.0212679536384 0.00670773872728 -0.00246027551702 -0.0158495642207 0.010916054827 0.0370559293994 -0.0242873499957 -0.280869719097 0.947607780371 -0.00491612708928 0.00287358218999 0.0114061977214 -0.000183191593719 -0.0169052077488 1.95205800764e-05 -0.0213047843839 -0.000112609676944 -0.00100584082977 0.0421027634678 -0.0417272867835 0.0209232423133 -0.00111839757309 0.00674336726117 -2.56615219564e-05 2.94455694284e-05 9.43122065828e-05 
-5.21945914742e-12 9.13408611026e-12 -9.06565389995e-12 1.92531986981e-11 -1.14533041613e-12 -2.63796436159e-11 -3.11931408777e-12 -2.98687101447e-11 1.62100789978e-11 -7.03809523571e-14 3.95031507696e-12 9.07683816669e-12 1.68974556502e-12 2.67455119235e-12 3.31131983249e-12 3.29363518885e-12 1.05261817343e-13 2.75355178771e-12 2.19982988286e-12 1.75579070934e-12 -5.77452382722e-11 1.23925707503e-11 7.14249761415e-12 2.82766975574e-11 4.82354876819e-09 -2.63228470448e-11 1.02455549466e-09 2.43673816362e-09 -7.96204900874e-09 2.94058189712e-07 -4.48073947661e-08 -6.22672188549e-07 -1.32227900808e-07 3.77330524073e-06 6.96392446893e-07 2.08676179744e-05 4.51723012519e-06 -6.83399704814e-05 0.000684205521416 0.00122307939789 -0.00106156313918 0.00046779440945 -0.000458077494454 0.00356469689203 0.00386957570082 -0.105283547021 -0.974369838446 -0.159865660587 0.00586708041104 0.00344053341373 -0.00410557971107 0.00140969169836 0.00398857965109 -0.00289494392977 -0.0333091136811 0.112528444388 -0.000581579950401 0.000341510179192 0.0013541872558 -2.1723325873e-05 -0.00200627519536 2.30933894657e-06 -0.00252846426046 -1.33646064861e-05 -0.000119351399817 0.0049957923182 -0.00495139884102 0.00248262614426 -0.000132690971831 0.000800111776845 -3.06057833e-06 3.47911565994e-06 1.11880288673e-05 
1.4621693012e-10 -2.55869458286e-10 2.54004748805e-10 -5.39364357955e-10 3.21139296225e-11 7.39003996828e-10 8.74145066848e-11 8.3680977798e-10 -4.54281225856e-10 1.93025954739e-12 -1.10401181314e-10 -2.54116478828e-10 -4.70585152571e-11 -7.30000664494e-11 -9.29676915745e-11 -8.2297934505e-12 -3.24087662686e-12 -7.73809384983e-11 -2.97307347939e-11 -6.56312995213e-12 2.21557249125e-10 6.56971978502e-11 -3.80401131725e-12 -1.68460836871e-10 -1.25215912733e-08 -4.82444991714e-10 -4.09414508907e-09 5.95825086568e-08 5.08992236533e-08 -5.33279797332e-07 -1.90885984099e-07 2.2156666162e-06 -2.60726307518e-07 3.96673634558e-06 3.40869079648e-05 -2.41776433939e-05 -2.46046653396e-05 -0.000131801917374 -0.000263921966129 -8.46708239223e-05 -0.0100010951502 0.0069317403562 7.41182293753e-05 -0.00473331056353 -0.00450872597064 -0.00763325062768 -0.15618130444 0.986189325145 -0.0124816292421 -0.00298772411403 -0.00941932407665 -0.00560074096295 0.00388539008588 0.0011387632251 0.0164144277492 0.0470640083092 -0.00060737633916 0.000335419284585 0.000348528074791 3.90232749481e-06 0.000408282002725 -2.03180409686e-07 0.000518742245471 2.74943397814e-06 2.33027719368e-05 -0.000972776224869 0.000972437605505 -0.000480002146014 2.50661438561e-05 -0.000153890003157 1.41679577524e-06 9.49800441783e-08 -2.0337781681e-06 
9.57414916576e-12 -1.67533724925e-11 1.66346847005e-11 -3.53176608535e-11 2.10467179106e-12 4.83899296044e-11 5.72581797424e-12 5.4798315863e-11 -2.97573325471e-11 1.23694288262e-13 -7.2118728762e-12 -1.66288601607e-11 -3.06323531565e-12 -4.65410478521e-12 -6.10120860127e-12 4.9392743607e-12 -2.25465358801e-13 -5.0824315128e-12 6.80238765535e-13 2.08957685596e-12 -9.92869822593e-11 -1.08198980404e-10 -8.46892330925e-12 1.23591178299e-10 -1.94363245381e-09 8.02779239012e-10 1.52547315022e-09 -9.4114884385e-08 -1.46092894644e-09 -5.73853818824e-07 4.82393703462e-07 -6.21252209088e-07 5.99344448093e-08 8.91492124992e-06 -7.81219026609e-05 -0.000132870613879 -3.45420212033e-05 -2.53614367282e-05 -0.000144802400077 -0.000107912705998 -0.00294566699053 -0.0110836502294 -0.000473960815804 -0.0675959040558 -0.113401274647 0.00511123055856 0.00186216701936 0.0119794470863 0.99010580702 -0.0289075531994 -0.0319609713568 0.00598070115263 -0.00182129826816 9.43537500571e-06 0.00369981424407 -0.00677502773677 -0.000107561106989 -6.24635107692e-06 -8.76239762608e-05 9.96300229083e-07 0.000231359029957 6.58403490027e-07 0.000302313272877 1.63968500047e-06 1.16740566382e-05 -0.000482308709675 0.000496686383486 -0.000232067347145 1.11558410033e-05 -7.27077312844e-05 1.94232179279e-06 1.44581312596e-06 -7.26357349301e-07 
-7.35262282052e-13 1.28663932357e-12 -1.27734999885e-12 2.71224715119e-12 -1.6153544362e-13 -3.71615063039e-12 -4.39621313756e-13 -4.20808054262e-12 2.28467846302e-12 -9.63726818353e-15 5.54721878714e-13 1.27757482109e-12 2.36172817108e-13 3.63867754247e-13 4.67837471159e-13 -9.91142009158e-14 1.67847594469e-14 3.89522614835e-13 9.5360011595e-14 -3.78633124484e-14 1.2508664897e-12 -2.37584473815e-13 -2.91967257207e-13 -3.63700949071e-13 -1.35787148724e-10 3.01555333419e-12 -2.02929037e-11 -3.79445946061e-10 4.3305549783e-10 -6.66527563066e-09 2.50040384339e-09 1.52911068232e-08 1.60217727168e-09 1.15389014373e-07 -9.03414967248e-07 -1.81009022321e-07 1.91957059827e-06 -2.84855367389e-06 2.05769824273e-07 2.22488265871e-06 2.83631049427e-05 0.000762409700833 -0.000161999984606 0.000413008822242 0.000411965294378 0.000200469316348 0.00466001837316 -0.0291755983556 -0.00123152975543 -0.00156168045568 -4.4460620398e-07 -0.0129123081622 -0.0216139371951 0.0685050387568 0.941735568081 0.291292890789 -0.0140144030458 0.00738523769498 -0.00386034304652 0.000401779480773 0.0363233990138 -4.34319802342e-05 0.0458189668227 0.00024226453562 0.00215709138256 -0.0902775990436 0.0895121700233 -0.0448475120265 0.00239435750103 -0.0144506958953 5.93773913465e-05 -5.94985932457e-05 -0.000201588013665 
4.072870725e-14 -7.12719133762e-14 7.07548189132e-14 -1.50240269404e-13 8.9466104562e-15 2.05849899953e-13 2.43506571167e-14 2.33096512952e-13 -1.26547729529e-13 5.3583845568e-16 -3.07406679509e-14 -7.07770026653e-14 -1.30960505035e-14 -2.02567512776e-14 -2.58880513569e-14 1.43198166785e-15 -1.16045276892e-15 -2.1576083871e-14 -1.85941105219e-14 7.17162002927e-15 5.01014823711e-13 4.89679132199e-13 4.96875808619e-13 -2.93933298275e-12 2.14129231103e-10 -1.24785714781e-11 -6.57364789329e-12 2.39122070688e-10 -1.44688506387e-09 9.45425770673e-08 -1.26593613901e-08 -1.29101680722e-08 -1.99870419751e-09 -1.10946662856e-06 8.08874364862e-07 1.4519568024e-05 1.41437964231e-08 -3.76714705155e-07 2.227377462e-07 -4.30310161265e-07 -7.80706281537e-05 0.000576209021067 -8.58723001317e-05 0.00829537922611 0.0136950337136 3.28806037125e-05 0.00204255230233 0.00699391193711 0.0391121746965 0.943114484953 0.312346759435 0.100066461505 0.000397676885439 0.0015197642666 0.0043242386818 0.00625752226193 0.0191457406701 -0.000539139249442 -0.000426874459765 -7.17530656066e-05 -0.0135215565979 -0.000371358348131 -0.0196097456949 -0.000118783306271 -0.000168200609328 0.00471288095912 -0.0101781555666 8.05504524986e-05 0.000386789731334 -0.000524389353194 -0.0005379114643 -0.000510382859791 -8.67174766225e-05 
-6.96639845103e-14 1.21906295409e-13 -1.2102179947e-13 2.56976865387e-13 -1.53026143147e-14 -3.52093765912e-13 -4.16503025777e-14 -3.98697401162e-13 2.16452123013e-13 -9.1655016698e-16 5.25801193053e-14 1.21059891741e-13 2.23997461732e-14 3.46329239921e-14 4.431582172e-14 -2.39162357585e-15 1.47129739035e-15 3.6881691841e-14 7.46510282505e-15 2.60943208942e-15 1.83582424764e-13 4.18834557297e-14 1.68611070282e-13 -1.07856792108e-12 7.54471945444e-11 -4.13199139601e-12 -2.34442542662e-12 1.43529399562e-11 -4.72502652741e-10 3.55586350696e-08 -4.41031064696e-09 -4.87706945335e-09 -7.59195544248e-10 -3.56021135316e-07 3.29994031193e-07 2.82016995838e-06 5.27610603849e-08 9.84354654489e-07 3.75729935917e-06 1.24399436003e-06 9.3005994494e-05 0.000144876703931 -2.25557106924e-05 0.000766363621081 0.000594495986909 6.31713795046e-05 0.00443948005796 -0.00819856474858 -0.0174037519839 0.329790958206 -0.896566135448 -0.293634218744 0.00201982556548 0.000821741049133 -0.00328147194569 -0.0112096154345 -0.0108124248927 0.00200613369429 0.00109687215078 0.00152493252202 0.0114327023661 0.000776419562977 0.0162502585692 0.000114114734578 0.000234930885241 -0.00576366871772 0.00996428786389 -0.00111719021821 -0.000245262814448 5.41915335199e-05 0.000424362728195 0.000390651641343 6.10389906457e-05 
-1.77971545077e-14 3.11435892707e-14 -3.09175344904e-14 6.56502197828e-14 -3.90932965545e-15 -8.99498646545e-14 -1.06404068373e-14 -1.0185564851e-13 5.52970157976e-14 -2.3422449072e-16 1.3433180755e-14 3.09276176358e-14 5.72300677997e-15 8.85209208514e-15 1.13188851822e-14 -4.64135812796e-16 4.06446807891e-16 9.42316858652e-15 3.45995776634e-15 -1.65000011716e-16 -1.95004693994e-14 -5.10542018617e-14 -1.94726358101e-14 9.56350797381e-14 -7.80839392906e-12 6.14722707368e-13 2.68457390219e-13 -5.07462712535e-11 1.91759077838e-11 -2.07629198355e-09 4.76248229459e-10 3.53447978043e-10 8.79271044333e-11 1.16127349217e-08 -6.63420300829e-08 2.79058040407e-07 2.43658238373e-08 -1.23100099834e-07 -4.94084795112e-07 -1.49637356956e-07 -1.31152090258e-05 -1.72039144202e-06 -7.39434091539e-07 0.00035543873529 0.000713660543873 1.90472863593e-05 -0.000327302356258 -0.00254117207975 0.015944307974 -0.00258029170069 0.30989825907 -0.950191799484 -0.00133064552184 0.00832756116694 -0.0188320969901 0.0115317958156 0.0115646042433 -0.000203081966303 0.000419310015458 -0.000125013224576 0.00116976560529 -0.00010567053123 -1.10070794616e-05 -1.34879652535e-05 0.000182426282893 -0.00816929528818 0.00674413220562 -0.00461093697124 0.000328877949009 -0.00166677432118 -9.3860273499e-05 -0.000140586872083 -4.71632773498e-05 
-1.06760391782e-15 1.86821109497e-15 -1.85469746488e-15 3.9381898906e-15 -2.34536083912e-16 -5.39586157982e-15 -6.3831707016e-16 -6.11011483614e-15 3.31727739222e-15 -1.40135077944e-17 8.05586239733e-16 1.85512209253e-15 3.43059321604e-16 5.29280580242e-16 6.79196971925e-16 -1.02981371119e-16 2.43025053114e-17 5.65473351125e-16 1.61421281698e-16 -3.76386272497e-17 8.27334416466e-16 -2.00729969819e-15 -6.08012903984e-16 1.01509224284e-15 -2.58772610225e-13 1.54691723138e-14 -1.49016225652e-14 -1.76368319253e-12 1.29795572526e-12 -2.49858942891e-11 1.09318568384e-11 1.75864526896e-11 -1.06197082731e-12 8.07204701786e-10 -1.16591841124e-09 -2.13944214921e-08 1.00346939396e-09 -8.70913684328e-09 -4.11545645932e-08 -1.54095799815e-08 -1.22663472642e-06 -1.91106067588e-06 3.30653839482e-07 -1.55300599842e-05 -3.60783877706e-05 1.32700208046e-06 5.74222701471e-05 -0.00271255346868 0.00140659842828 -0.000564833869604 0.00315894955914 -0.0056042663363 0.908382623578 -0.409385543993 0.0615265734824 -0.0285564652426 -0.00148008158937 0.0261753324872 -0.0402029892528 0.000559598554478 -0.00122852713554 4.11181393422e-06 -0.00479787878434 -1.8078133716e-05 -0.000321229372061 0.0107897584746 -0.0107212731734 0.00553918971755 -0.000520822492499 0.00114928429498 0.000479110977195 -0.000109272210845 -4.53811559086e-05 
1.28426980233e-17 -2.24736726046e-17 2.23106230542e-17 -4.73742125438e-17 2.8210732289e-18 6.49092081251e-17 7.67832289852e-18 7.35006941852e-17 -3.99034068528e-17 1.68959895287e-19 -9.69326777263e-18 -2.23176077882e-17 -4.12962810716e-18 -6.39290067354e-18 -8.1505210479e-18 4.54431078344e-19 -5.4528526056e-19 -6.8113708775e-18 -1.41812793211e-17 7.38828039278e-18 5.13980248741e-16 3.82996222834e-16 5.05392344376e-16 -3.0450606009e-15 2.18707651318e-13 -1.23731310478e-14 -6.79054016197e-15 1.44851468233e-13 -1.59081614143e-12 9.98240727046e-11 -1.28866181358e-11 -1.3523785516e-11 -2.11397802579e-12 -1.23152981085e-09 8.2132267421e-10 1.76146669349e-08 -3.16878130907e-12 7.67879855894e-10 2.88700940917e-09 4.93874893266e-10 7.11567534715e-09 6.0763663454e-07 -1.0077979224e-07 9.88921145755e-06 1.93781433496e-05 1.02528330745e-07 -2.48922760368e-05 0.00131304984749 -0.000770795849325 0.00173475379565 0.00107715710568 -0.00789874929411 -0.413733932332 -0.908340540749 0.0531991650325 0.00936940050002 0.00547309365013 -0.00355043974257 -0.0264699881417 0.00103949859094 0.00102829749668 -1.35839079663e-05 -0.000793098080488 -3.3042890891e-06 3.89214997112e-05 -0.00214326405872 0.00146201025189 -0.0012830743531 3.85894572828e-05 -0.000698566985858 0.000103269958459 -0.000103933402329 -4.05275431705e-05 
-1.2250016822e-15 2.14365290541e-15 -2.12810047512e-15 4.51879268738e-15 -2.69088311322e-16 -6.19136948991e-15 -7.32397492148e-16 -7.01086912439e-15 3.80619074538e-15 -1.61162658583e-17 9.24588017219e-16 2.12876667967e-15 3.93886108918e-16 6.0911853012e-16 7.78936780261e-16 -4.35287193154e-17 3.06577283524e-17 6.48759507397e-16 3.57265697068e-16 -9.30207619757e-17 -6.43377965375e-15 -7.33718044271e-15 -6.50489101849e-15 3.7883546229e-14 -2.7803080832e-12 1.62841185601e-13 8.50241059229e-14 -3.30093945646e-12 1.97186500684e-11 -1.22216851651e-09 1.64799896826e-10 1.6552335263e-10 2.511471172e-11 1.52412054009e-08 -9.50634899489e-09 -2.26830865856e-07 8.53263887378e-12 1.80379535259e-08 4.10126150724e-08 2.20462582205e-08 2.46001523931e-06 -8.4497353765e-06 1.272549845e-06 -0.000142392082088 -0.000245902642916 6.85308360541e-07 3.08273807656e-05 -0.000214267308651 -0.000824474613199 -0.0121158599503 -0.0180941590127 -0.0206859665946 -0.0221927431276 0.0162611201642 0.158448302264 -0.0233794708976 -0.0473782116111 0.000708111304366 -0.00200104155597 0.00793264744043 -0.303053633337 0.000853854679629 -0.346863186868 -0.00134648725489 -0.0137942056026 0.573972489313 -0.585549186241 0.278186407089 -0.0130148777738 0.0902385436208 -0.00357496764513 -0.000723585327503 0.00123657049869 
1.28157069753e-15 -2.24264406129e-15 2.22637343869e-15 -4.72746477152e-15 2.81514465728e-16 6.47727903887e-15 7.66218669979e-16 7.33462211817e-15 -3.98195571271e-15 1.68604916832e-17 -9.67284577871e-16 -2.22707039999e-15 -4.12076287771e-16 -6.3728372546e-16 -8.1482587871e-16 4.55327503957e-17 -3.32306790123e-17 -6.78769592164e-16 -4.28558057126e-16 1.30741380038e-16 9.07370409374e-15 9.61318354316e-15 9.08854624143e-15 -5.34152092311e-14 3.89845541625e-12 -2.26101077257e-13 -1.19651045708e-13 3.99467964586e-12 -2.7989814104e-11 1.73569300018e-09 -2.30966927611e-10 -2.33943323473e-10 -3.49848084954e-11 -2.16621660239e-08 1.30199537452e-08 3.23242245969e-07 5.01155852397e-10 -2.3863149983e-08 -5.21827375699e-08 -2.85295939541e-08 -3.27858826041e-06 1.20595912693e-05 -1.82987338097e-06 0.000203075635945 0.000350261514652 -2.28618903114e-07 -2.92221044913e-05 0.000301590124199 0.00138920026634 0.0192091517747 0.0277266761266 -0.00308533845276 -0.00449882892983 -0.00410339531734 -0.00536603632825 -0.00642819412776 -0.722916404558 0.00725023742782 0.0125357160721 -0.00454914195488 0.320710270978 0.0106839074834 0.504173065566 0.00346968735818 -0.00451287774488 0.252448886044 -0.0478346487737 0.209343630093 -0.0263551404097 0.0858296955387 0.0210296491604 0.01871652788 0.00393272217672 
-1.46756672498e-16 2.56812192637e-16 -2.5494899326e-16 5.41356789684e-16 -3.22371031065e-17 -7.41733498554e-16 -8.7742100731e-17 -8.39910540138e-16 4.55986248112e-16 -1.93074901203e-18 1.10766650976e-16 2.55028808024e-16 4.71876308965e-17 7.29587690602e-17 9.33491943667e-17 -5.21730179217e-18 3.22207413927e-18 7.77022260255e-17 2.1463337654e-17 1.87369285276e-18 1.41564411407e-16 -1.27932189586e-16 1.12168376256e-16 -8.21538341824e-16 5.34597595688e-14 -2.60334573577e-15 -1.75557483878e-15 -7.89511648899e-14 -2.75679788989e-13 2.81687800539e-11 -3.07658337708e-12 -3.84237537178e-12 -6.46814263892e-13 -1.98222735591e-10 2.81548666535e-10 -1.26725002943e-09 9.14960191686e-11 1.60944342364e-09 5.62667993258e-09 1.99409671127e-09 1.63364474312e-07 5.5864511316e-09 -1.12835659463e-09 -2.45563195622e-06 -5.68080097855e-06 1.43535911503e-07 9.41360253084e-06 -9.26102625425e-05 -8.50555712297e-06 0.000269358829419 -0.0018204232647 -0.000722948366225 0.02485920666 -0.00663997474719 0.0072108007938 0.0041349018775 -0.0148713102811 -0.999411029476 -0.0131283486927 0.000589018490909 0.00105838305897 0.00289403011208 -0.0056858056189 -1.77224839855e-05 0.000151201587219 -0.00151865043876 0.00171298269021 -0.00100192730864 0.000173581880612 0.000478661690362 -0.000536544903899 0.000107655436963 8.40864752224e-05 
-6.81252316982e-17 1.19213592347e-16 -1.18348685256e-16 2.51300714975e-16 -1.49646355612e-17 -3.44316654102e-16 -4.0730352159e-17 -3.89890961556e-16 2.11671254453e-16 -8.9626405372e-19 5.14184669936e-17 1.18385735814e-16 2.19047336615e-17 3.38672447676e-17 4.33345350732e-17 -2.42200303957e-18 1.47660705697e-18 3.60689438473e-17 9.06207453991e-18 1.42041488452e-18 1.04261021474e-16 -2.911333141e-17 8.99724142508e-17 -6.07442132823e-16 4.12625406005e-14 -2.18034034249e-15 -1.31885629444e-15 -1.35073899327e-14 -2.58780323335e-13 2.01381485728e-11 -2.39382313976e-12 -2.78669137903e-12 -4.31747441261e-13 -1.94382751203e-10 2.15730008201e-10 1.15083603164e-09 3.45820733206e-11 1.4364520881e-09 4.8496476694e-09 1.72761599242e-09 1.42349479983e-07 6.68005769102e-08 -1.15397223969e-08 -2.81217797801e-08 -3.28120484754e-07 1.67255722244e-08 2.0610447075e-06 6.44872109474e-05 -4.57906346475e-05 0.000183589707545 -0.000881915973835 -0.000148458813753 -0.0253623217496 0.0399372051899 -0.0114012322566 0.0106438297466 -0.0119378231005 0.0124399161988 -0.996783706322 0.0225625989794 0.00332692024036 -0.00326163806975 -0.0121220358653 -0.00191910904975 -0.00435664833805 0.0129395174877 0.0384643241813 0.0315167888954 0.00712167753083 0.0136721827024 -0.00457046283996 0.00621437008991 -0.00220239963343 
-1.38231417219e-16 2.41893692086e-16 -2.4013872801e-16 5.0990878291e-16 -3.03644146125e-17 -6.98645390054e-16 -8.26450663808e-17 -7.91119220178e-16 4.29497509953e-16 -1.81858971705e-18 1.04332092593e-16 2.40213906295e-16 4.44464395619e-17 6.87201383201e-17 8.79272216771e-17 -4.91429803003e-18 3.02373074453e-18 7.31879232617e-17 1.96637290586e-17 2.09511626781e-18 1.56930631463e-16 -9.23353752287e-17 1.28654664826e-16 -9.08458825567e-16 6.0334414279e-14 -3.06210443688e-15 -1.9537364469e-15 -5.55999438358e-14 -3.42238633329e-13 3.06861123385e-11 -3.48996256078e-12 -4.20092223441e-12 -6.59890662933e-13 -2.51708203024e-10 3.08143707687e-10 4.01658223871e-11 9.15806237114e-11 1.88097075813e-09 6.6255090544e-09 2.37135686741e-09 1.92915778594e-07 6.1621568013e-08 -1.09877919579e-08 -1.47311423483e-06 -3.61265243138e-06 9.94113195378e-08 7.13553562298e-06 -1.48137638934e-05 -4.5770040409e-05 0.000266535209921 -0.00170185827483 -0.000533358406876 -0.000670833363869 -9.343418452e-05 0.00139747062168 -2.84637031884e-05 -0.00270437525769 -0.00013693527126 -0.0230336286317 -0.99839221704 -0.000569969478654 0.024536964018 -0.0097604303289 -0.033046380863 -0.0267436306914 -0.000974523716937 -0.0104147729286 -0.00675225632637 -0.00145410381739 -0.00221888991473 0.000516683947033 -0.00140572314844 0.000451892615971 
1.84952582655e-17 -3.2365191518e-17 3.21303785626e-17 -6.82254065978e-17 4.06273546641e-18 9.34782208939e-17 1.10578464953e-17 1.05851148579e-16 -5.74664333718e-17 2.43325680373e-19 -1.39595785334e-17 -3.21404367278e-17 -5.94699209903e-18 -9.19803723161e-18 -1.1757261231e-17 6.56952808196e-19 -5.09080787747e-19 -9.79711227802e-18 -7.58431255816e-18 2.73982129218e-18 1.90781587939e-16 1.89134596571e-16 1.89430967215e-16 -1.122593656e-15 8.15180790632e-14 -4.68336943768e-15 -2.51022594726e-15 7.0702551877e-14 -5.91813021266e-13 3.6745509406e-11 -4.8286249247e-12 -4.92537871578e-12 -7.25175169134e-13 -4.58565967221e-10 2.6277509163e-10 6.86324788373e-09 2.24543119809e-11 -6.0575402572e-10 -1.37687865711e-09 -6.9887311289e-10 -7.85594381562e-08 2.57458135599e-07 -3.89724844088e-08 4.32443753173e-06 7.44164299641e-06 1.76755650836e-08 1.18734449883e-06 -7.36092801289e-07 4.43434631805e-05 0.00113912602387 0.000610141067792 -0.00185512057927 0.00284357404642 -0.00497882731335 -0.0147278928261 -0.0015422342287 -0.338236256457 0.00406760282401 0.0107155059129 -0.0034215027252 -0.85124477886 0.00278378612698 0.136550638176 0.000335438588099 0.00819458906633 -0.12001927057 0.271593274975 -0.038635690158 0.0719312216933 0.167435754478 -0.128687645103 0.0467634927031 0.0155146408182 
-4.93153537351e-17 8.62978419195e-17 -8.56717420355e-17 1.81914737676e-16 -1.08327895182e-17 -2.49248291302e-16 -2.94844020612e-17 -2.82239196954e-16 1.53227262325e-16 -6.48798926036e-19 3.72214520501e-17 8.56985625901e-17 1.58566843461e-17 2.45165691856e-17 3.136882553e-17 -1.7532192376e-18 1.07924224433e-18 2.61104996346e-17 7.03863375521e-18 7.33122258533e-19 5.49850119122e-17 -3.37025513636e-17 4.4917634883e-17 -3.18199608075e-16 2.10993715149e-14 -1.06800925839e-15 -6.83864217414e-16 -2.02195078784e-14 -1.1894924603e-13 1.07569747547e-11 -1.22002437832e-12 -1.47253992629e-12 -2.3156641705e-13 -8.73577965351e-11 1.08159568768e-10 -2.2040347109e-11 3.27040534189e-11 6.64930796559e-10 2.34274252674e-09 8.39188626837e-10 6.83103232733e-08 2.06655780913e-08 -3.70909768294e-09 -5.47800236841e-07 -1.33042920227e-06 3.58630501581e-08 2.56280872712e-06 -6.30494677192e-06 -1.59000518376e-05 9.18885087957e-05 -0.000607733673408 -0.000188223332821 9.77133804334e-05 -0.000152561015543 0.000323024605097 -6.8379786022e-05 -0.000240846332707 -0.00303912331962 0.00285751764441 -0.0247042836501 -0.00131275324083 -0.999165650528 0.0150157826714 0.0148147944862 -0.0225550203204 0.00681602097657 0.000270436731472 0.00530133607612 -0.000154909132987 0.00301083682551 -0.000271310862258 0.000667004682093 0.000197290890623 
7.6096567867e-19 -1.3316278092e-18 1.32196672056e-18 -2.80705421024e-18 1.67156488704e-19 3.84605157821e-18 4.54962165314e-19 4.35512120063e-18 -2.36438981372e-18 1.0011384776e-20 -5.74346890185e-19 -1.32238064666e-18 -2.44668286774e-19 -3.77947175113e-19 -4.84829465297e-19 2.71148307203e-20 -5.40242434117e-21 -4.02403028113e-19 4.23780919828e-19 -3.36172247835e-19 -2.36125961109e-17 -1.8139129767e-17 -2.29222940181e-17 1.38732103619e-16 -9.96356935389e-15 5.65280407767e-16 3.08683087042e-16 -6.81848543966e-15 7.08405477406e-14 -4.54706334899e-12 5.88088321097e-13 6.1363065647e-13 9.12350594106e-14 5.46598761885e-11 -3.55585676952e-11 -7.51313802933e-10 -3.32406629426e-12 -5.26387096126e-11 -2.20799345877e-10 -6.26079637687e-11 -3.43713294791e-09 -2.90535496722e-08 4.78773382861e-09 -4.45773725328e-07 -7.603337211e-07 1.08861690158e-08 8.94074124008e-07 -2.21839441036e-06 5.26317076828e-06 0.000361543801816 -2.6745321859e-05 -0.000976357631727 0.00100282185696 -0.0026402444677 -0.00402785030699 -0.00179051583024 -0.179902348131 0.00604796044339 0.0513517102472 -0.0047080117037 0.189326088468 -0.00482682011381 -0.578508649815 -0.00586679901819 -0.00716355916095 0.142355631589 0.607101307753 0.393610438405 0.112399515957 0.160688698156 -0.0619954208024 0.0809520771115 -0.0408383687721 
-3.72011759132e-19 6.50990198892e-19 -6.46267196056e-19 1.3722789453e-18 -8.17174521851e-20 -1.88021150343e-18 -2.22416413834e-19 -2.12907932657e-18 1.15587411852e-18 -4.89423105206e-21 2.80781260333e-19 6.46469512459e-19 1.19616071526e-19 1.8496764742e-19 2.36573500919e-19 -1.32210200649e-20 8.96946200901e-21 1.97001916763e-19 9.21073657873e-20 -1.83251554354e-20 -1.25364393025e-18 -1.55118059125e-18 -1.29406022332e-18 7.42521513103e-18 -5.4893909295e-16 3.24800929507e-17 1.67328899134e-17 -7.52869411304e-16 4.39212395812e-15 -2.37570252899e-13 3.25286483479e-14 3.24173522878e-14 4.5738953962e-15 3.4497041916e-12 -2.55315615556e-12 -6.19187676089e-11 4.18487927303e-14 1.27896740953e-10 3.74059969601e-10 1.4757118755e-10 1.32034523546e-08 -1.93151843163e-09 -5.53266893773e-10 -3.75940457398e-08 -7.24242251899e-08 -3.28668411931e-08 -2.77619672614e-06 -5.08775076604e-06 -1.97054139157e-05 -0.00128067647808 -5.54257033489e-06 0.00307682474705 0.000745410289324 0.00190824075431 0.0166139954802 0.0033928521244 0.566778513912 -0.0118059548454 0.0173601613416 -0.0129618017623 -0.0682652392146 0.0132979366808 0.508833631288 0.00294022446946 -0.00410216997461 0.25647920738 0.208591055397 0.482592508225 0.0512594522788 0.236763365524 -0.0736036201647 0.0882069960029 0.00258173194309 
2.26447856148e-18 -3.96265256416e-18 3.93390310469e-18 -8.35322049389e-18 4.97423576392e-19 1.14450646581e-17 1.35387442886e-18 1.29599518671e-17 -7.03593960888e-18 2.97917616255e-20 -1.70914681569e-18 -3.93513465995e-18 -7.28112393332e-19 -1.12575874195e-18 -1.4404065175e-18 8.05050720687e-20 -4.95211614036e-20 -1.19894888896e-18 -3.21542066209e-19 -3.46870738883e-20 -2.59588257587e-18 1.50348991736e-18 -2.13264881313e-18 1.50325429362e-17 -9.99267148199e-16 5.08128773498e-17 3.23409964547e-17 8.91770250062e-16 5.70046841521e-15 -5.07179045134e-13 5.78003106585e-14 6.95048690074e-14 1.09114332413e-14 4.19756392032e-12 -5.13348805623e-12 -2.00187049178e-12 -1.47517740991e-12 -3.18336880619e-11 -1.11638142658e-10 -3.99654034957e-11 -3.25738020596e-09 -1.04715631953e-09 1.86693206589e-10 2.32829094894e-08 5.71947270745e-08 -1.56912946824e-09 -1.14470316646e-07 9.83568387596e-08 8.00495259899e-07 -4.66966452878e-06 2.80122599283e-05 9.03914827013e-06 6.08853627003e-05 -6.66332158119e-05 7.01285692998e-05 -3.21389924584e-05 0.000163718215241 -9.17704894139e-05 0.00262487813018 0.0332068099079 -0.000314926253158 -0.014990646995 0.00779976878987 -0.999027865618 -0.0232235027816 -0.00112712741665 -0.00207021343852 0.000519694208368 -0.00162245708051 -0.000371632613176 -0.000105498920941 -0.000290890055181 0.000112426992674 
-5.53100724316e-21 9.67881097214e-21 -9.60859016205e-21 2.04028088014e-20 -1.21496110201e-21 -2.79546632725e-20 -3.30684914681e-21 -3.16547874755e-20 1.71853376137e-20 -7.27665383483e-23 4.17461232445e-21 9.6115980074e-21 1.77844897498e-21 2.7507010005e-21 3.51586226502e-21 -1.9647427712e-22 1.54334836645e-22 2.92991657762e-21 2.32284836698e-21 -8.65557396236e-22 -5.9487361023e-20 -4.09122419762e-20 -5.99030790576e-20 3.54542938234e-19 -2.58169277013e-17 1.52998561874e-18 7.93133501336e-19 -3.93116205459e-17 2.13161440602e-16 -1.09274242127e-14 1.50698175139e-15 1.59052812635e-15 2.32037520182e-16 1.67544529933e-13 -1.54867104774e-13 -2.96679898042e-12 3.73721483131e-14 -1.86713149623e-12 -5.67481891213e-12 -2.06023503433e-12 -1.77687991338e-10 -9.10489753872e-11 1.81386307914e-11 -1.92749293874e-09 -4.13626442281e-09 2.04732739457e-10 1.32095324516e-08 -2.05513472053e-07 1.24267250398e-07 3.72173476237e-06 7.11591129998e-08 -9.55469241976e-06 7.488698126e-05 -0.000140634537566 -6.96355507295e-05 -4.69529491165e-05 -0.00165563034422 -8.55259115669e-05 0.00443326811975 0.0264011050425 -0.00334071518829 0.0221332234136 0.00388325347178 0.0238561630652 -0.998304820819 -0.0294752969818 -0.00339532883887 0.00507798312127 -0.00874175027685 -0.00412006628039 -0.0241446069937 3.29107448216e-05 0.000576053234879 
-4.27201925207e-23 7.47568479535e-23 -7.42144789293e-23 1.5758647243e-22 -9.38407230103e-24 -2.15915211354e-22 -2.55413207706e-23 -2.44494095786e-22 1.32735479806e-22 -5.62031317955e-25 3.22437408958e-23 7.4237710206e-23 1.37364044835e-23 2.12488302551e-23 2.71488921746e-23 -1.51700269764e-24 1.28890055254e-24 2.26342665005e-23 2.25019095778e-23 -9.47479705541e-24 -6.5451365642e-22 -4.68834831997e-22 -6.38823029033e-22 3.93855201883e-21 -2.7507700662e-19 1.38906578779e-20 8.7889067768e-21 3.21501238338e-19 -1.17756830076e-17 -1.44121264414e-16 1.64158511894e-17 1.74840567585e-17 1.79207985642e-17 -1.05633875399e-14 6.56103440442e-14 3.73611590038e-13 2.04934284297e-14 -1.52700680349e-11 -4.48674410786e-11 -1.75196208944e-11 -1.55538729455e-09 -7.27043313472e-12 1.0190886291e-10 -2.44421945964e-10 -2.40923435227e-10 3.95929613626e-09 3.31863411347e-07 4.59006350618e-07 2.33276174492e-06 0.000150587711561 -6.82099715003e-08 -0.000362852770628 -4.1452952118e-05 -0.000303049270893 -0.00191437249357 -0.000423955501086 -0.0667601059974 0.00131947283704 -2.0197237153e-05 2.95421994776e-05 0.0226103082309 -0.00265453559842 -0.0574870453625 0.000631014101577 0.0235747053622 -0.683125952102 -0.342726550935 0.573756346586 0.0988246338535 0.189845903837 -0.0494648647789 -0.170982707107 0.0186954744766 
9.89770961042e-23 -1.73201834578e-22 1.71945236389e-22 -3.65107236438e-22 2.17416675245e-23 5.00247292315e-22 5.917589762e-23 5.66460827588e-22 -3.0753073038e-22 1.30215272019e-24 -7.470455925e-23 -1.71999059419e-22 -3.18255696156e-23 -4.9235013198e-23 -6.28910635854e-23 3.51395600887e-24 -3.11969322926e-24 -5.24465400459e-23 -5.84603972449e-23 2.58090003375e-23 1.78695252525e-21 1.30413660435e-21 1.78551489424e-21 -1.05703615255e-20 7.71751400407e-19 -4.61734969416e-20 -2.36137742195e-20 1.2883694302e-18 -1.15698633204e-17 3.23024166169e-16 -4.5086454012e-17 -4.72211335557e-17 -9.07363103515e-19 -9.57930629744e-15 3.25790537974e-14 2.35197067272e-13 8.23231276519e-15 -6.5607426591e-12 -1.92700318666e-11 -7.52884328161e-12 -6.6860539602e-10 2.54508870014e-14 4.34452418351e-11 -4.15749745405e-11 2.7159359228e-11 1.70794380905e-09 1.43423166703e-07 1.95062497334e-07 9.67024725362e-07 6.50755137163e-05 -4.02352978072e-08 -0.000155907735403 -1.3692768228e-05 -0.000223951479758 -0.00140383762561 -0.00010744202166 -0.0287212730517 -0.0008308117956 0.00193563456644 -0.0019583694754 -0.156913683667 0.000520412541789 0.061569998948 0.000527735332229 0.000400012259601 0.0387668956645 0.112040709738 0.349036241842 0.118259832147 -0.877389543339 0.133323812331 -0.182441169558 0.00334185687236 
5.62816556413e-23 -9.84883008973e-23 9.77737576559e-23 -2.07612069377e-22 1.23630324627e-23 2.8445718178e-22 3.36493761485e-23 3.22108391729e-22 -1.74872167777e-22 7.40447442134e-25 -4.24794596242e-23 -9.78043639244e-23 -1.80969677107e-23 -2.79928513508e-23 -3.57703056189e-23 1.99881504573e-24 -1.65478355375e-24 -2.98175665339e-23 -2.75867173855e-23 1.12295299266e-23 7.74312743762e-22 5.38537113913e-22 7.76706607056e-22 -4.60054956036e-21 3.35268149517e-19 -1.99488668522e-20 -1.02840050443e-20 5.31897706624e-19 -3.83979281223e-18 1.41195685617e-16 -1.95717588686e-17 -2.06114012568e-17 -1.79953644339e-18 -3.11809689845e-15 8.27732093374e-15 6.8206622038e-14 1.64670387554e-15 -1.47501993138e-12 -4.33126208257e-12 -1.69323457307e-12 -1.50400912029e-10 5.68059988737e-13 9.72227791347e-12 3.14259384071e-12 3.26514088233e-11 3.85639054348e-10 3.24376036492e-08 4.38907520919e-08 2.11992273122e-07 1.47250766354e-05 -1.13188015404e-08 -3.50687367071e-05 -2.4778343042e-06 -6.59819585545e-05 -0.000522719706391 5.89746428456e-06 -0.00645576179013 9.34403075365e-05 0.000308136576736 -0.000344166329194 -0.0709841391046 -0.000201189160929 -0.0366965279977 0.00105341243782 0.0101787903545 -0.0632805161176 0.0885573974884 0.162266876406 -0.975005591449 -0.0418755841465 0.0423255149016 0.000798365787756 -0.0332979095461 
-1.26229129588e-22 2.2089066783e-22 -2.19288082289e-22 4.65634681628e-22 -2.77279481489e-23 -6.37983762993e-22 -7.54691991383e-23 -7.22428319877e-22 3.92205266661e-22 -1.66068400098e-24 9.52733930689e-23 2.19356726791e-22 4.05880202573e-23 6.27804334997e-23 8.02309760098e-23 -4.48335609655e-24 3.64107762872e-24 6.68720629734e-23 5.85349524868e-23 -2.31527049881e-23 -1.59398292394e-21 -1.0864463842e-21 -1.6024688853e-21 9.48220254319e-21 -6.91428856288e-19 4.12384943525e-20 2.12025379357e-20 -1.13134537614e-18 7.61601659571e-18 -2.89774654227e-16 4.03258972694e-17 4.25417445707e-17 4.02170061836e-18 6.16340732662e-15 -1.22488628095e-14 -1.35253991457e-13 -1.32711990494e-15 1.73803041558e-12 5.10135001091e-12 1.99622917337e-12 1.77371147e-10 -1.63101979779e-12 -1.14757981184e-11 -2.19416076749e-11 -8.05400009841e-11 -4.58459382152e-10 -3.84542559298e-08 -6.36823781695e-08 -2.89564115761e-07 -1.75382766494e-05 5.30637595141e-09 4.27129475199e-05 9.95881738862e-06 -1.66460720078e-05 -0.000129173990515 9.59743741703e-05 0.00785170527906 -0.00052369200336 0.00086860277619 -1.28829418449e-05 -0.0864670589119 0.00103551155218 0.000724620496966 0.000219316512562 -0.0243605239364 0.00345498595355 0.0779847121092 0.0081111726184 0.0462504422753 0.215218786005 0.95283515706 -0.171302703186 -0.00293858572506 
8.02969393695e-24 -1.4051308683e-23 1.3949364988e-23 -2.96199774601e-23 1.76383171443e-24 4.05834560948e-23 4.80075084114e-24 4.59551478048e-23 -2.49489853355e-23 1.05639654905e-25 -6.06052192471e-24 -1.39537319705e-23 -2.58183317285e-24 -3.99163959335e-24 -5.10794855167e-24 2.85535568149e-25 -1.70463037256e-25 -4.25116314812e-24 -8.22403888089e-25 -2.95262767022e-25 -2.26445361026e-23 -3.38403860885e-23 -2.46716221551e-23 1.05705156837e-22 -1.117901888e-20 1.37053569489e-21 2.34799828057e-22 -2.28833356963e-19 4.70901738425e-18 3.0288394529e-18 5.75672707713e-19 4.66411499658e-19 -5.06681890183e-18 4.13143695359e-15 -2.26521974409e-14 -1.3393741431e-13 -6.92903685934e-15 5.17199565669e-12 1.51957115426e-11 5.93395122449e-12 5.26839894382e-10 2.09071152108e-12 -3.44671579167e-11 7.58269167123e-11 6.8029622496e-11 -1.34153918611e-09 -1.12478624851e-07 -1.54710361907e-07 -7.85009869728e-07 -5.10342844463e-05 2.44519597956e-08 0.00012284098418 1.33260489301e-05 0.000115798031982 0.000734265014092 0.000132239735026 0.0226060887758 -0.000249455745798 -0.000251601046391 0.000116463784524 0.0167629593893 0.000608295648197 0.012285836084 -4.58692269699e-05 -0.000619604431122 0.150918132315 0.112101373327 -0.091314951341 -0.0334804134052 0.142012133771 -0.207627771417 -0.943509567427 0.0276792831717 
-1.46145653925e-24 2.55742958282e-24 -2.53887515102e-24 5.39102862524e-24 -3.21028837358e-25 -7.38645308507e-24 -8.73767825156e-25 -8.36413587742e-24 4.54087669084e-24 -1.9227067301e-26 1.10305821789e-24 2.53966987195e-24 4.69925001268e-25 7.27030308606e-25 9.28523740758e-25 -5.1877719151e-26 4.74999134278e-26 7.74468337609e-25 9.31184160685e-25 -4.2254906798e-25 -2.92929070674e-23 -2.15133134313e-23 -2.93609515546e-23 1.72613772831e-22 -1.27024553057e-20 7.80311873449e-22 3.85647873731e-22 -2.73589105302e-20 2.07187346165e-19 -5.08914688148e-18 7.39600364065e-19 7.72229996751e-19 -1.5678167587e-20 1.72325543205e-16 -2.95654396e-16 -4.67773693086e-15 -5.32052931476e-18 3.26376635562e-14 9.57758571411e-14 3.74801678694e-14 3.3298300337e-12 -1.58461484029e-14 -2.24772626516e-13 1.52845504981e-13 -2.83172718553e-13 -8.61395146036e-12 -7.05197774674e-10 -2.11062381346e-09 -1.00317068597e-08 -3.28934996982e-07 -9.40992587833e-10 8.87902462312e-07 8.56693700406e-07 -1.1406886269e-05 -4.3752671053e-05 6.51459665661e-06 0.000156976102871 -0.000286392791115 0.000339863268313 -0.000381231138092 -0.0173012621885 0.000123124482164 0.0293833244153 0.000134816768699 -5.33565104617e-05 -0.0117263679402 -0.0272299346267 -0.0104013578904 0.0302252327191 0.0023814566782 -0.0100367304538 -0.0318058225411 -0.997906876001 
